1 9.31323e-10 -3.63798e-12 0 -9.31323e-10 1 -4.65661e-10 7.45058e-09 -1.81899e-11 -9.31323e-10 1 0
1 -0.000453822 0.000674065 0.0084813 0.000453567 1 0.000377758 -0.0164694 -0.000674236 -0.000377453 1 0.181991
1 -4.70337e-05 0.000871793 0.00573561 4.63715e-05 1 0.000757094 -0.0213253 -0.000871828 -0.000757054 0.999999 0.332098
0.999998 -0.00084435 0.00174223 0.0108455 0.000844197 1 8.77739e-05 -0.0304841 -0.0017423 -8.63043e-05 0.999999 0.468705
0.999997 -0.000208649 0.0025434 0.00953516 0.000208603 1 1.80556e-05 -0.0334504 -0.00254341 -1.75256e-05 0.999997 0.606294
0.999997 -0.000846755 0.00233871 0.00927551 0.000845839 1 0.00039257 -0.0392225 -0.00233904 -0.000390592 0.999997 0.729118
0.999996 -0.000540071 0.00274104 0.0101952 0.000539658 1 0.00015072 -0.042988 -0.00274112 -0.000149242 0.999996 0.878122
0.999993 -0.000948093 0.00362587 0.013966 0.000948649 1 -0.000151606 -0.0487983 -0.00362572 0.000155045 0.999994 0.997453
0.999996 -0.00049753 0.00288971 0.0126761 0.000496962 1 0.00019708 -0.0527424 -0.0028898 -0.000195644 0.999996 1.14384
0.999996 -0.000572364 0.00283585 0.00912047 0.000572308 1 1.99578e-05 -0.0560638 -0.00283586 -1.83359e-05 0.999996 1.29476
0.999997 0.000683019 0.00241693 0.00759435 -0.000683903 1 0.000364903 -0.0636972 -0.00241668 -0.000366556 0.999997 1.47532
0.999997 0.000533212 0.00254184 0.021592 -0.000534522 1 0.00051449 -0.0663477 -0.00254156 -0.000515848 0.999997 1.57184
0.999996 -0.000539034 0.00299546 0.0173359 0.000537079 1 0.000652729 -0.0696326 -0.00299581 -0.000651118 0.999995 1.66693
0.999998 0.000189386 0.00206178 0.0228205 -0.000190399 1 0.000490678 -0.0731933 -0.00206168 -0.00049107 0.999998 1.76897
0.999998 -0.000182603 0.00229312 0.0216253 0.000182504 1 4.31868e-05 -0.0764873 -0.00229313 -4.27677e-05 0.999997 1.85425
0.999997 0.000205377 0.00247271 0.0220692 -0.000205526 1 6.0488e-05 -0.0801367 -0.0024727 -6.09965e-05 0.999997 2.00702
0.999998 0.00086596 0.00163161 0.0171232 -0.000866179 1 0.000134017 -0.0816412 -0.0016315 -0.000135431 0.999999 2.10246
0.999999 0.00104338 0.00103201 0.0111566 -0.00104361 0.999999 0.00021823 -0.0838003 -0.00103178 -0.000219308 1 2.18899
0.999999 0.000237767 0.00138973 0.0233819 -0.000238615 1 0.000610237 -0.0862968 -0.00138959 -0.000610569 0.999999 2.24764
0.999998 0.000839149 0.00196564 0.0244764 -0.000839448 1 0.000150745 -0.089405 -0.00196551 -0.000152395 0.999998 2.32311
0.999999 0.000830369 0.00087353 0.0177069 -0.000830484 1 0.000129545 -0.0917913 -0.000873422 -0.000130272 1 2.42704
0.999998 0.000883718 0.00184233 0.0296078 -0.000883802 1 4.51631e-05 -0.0945801 -0.00184229 -4.6791e-05 0.999998 2.52217
0.999998 0.000292162 0.00221526 0.0253838 -0.00029151 1 -0.000294692 -0.0977319 -0.00221534 0.000294045 0.999998 2.61837
0.999998 0.000667981 0.00186179 0.0294508 -0.000667572 1 -0.000220614 -0.101598 -0.00186193 0.000219371 0.999998 2.66097
0.999997 0.000893241 0.00243011 0.0286127 -0.000892997 1 -0.000101855 -0.102311 -0.0024302 9.96836e-05 0.999997 2.70702
0.999996 0.00109067 0.00264024 0.0311905 -0.00109155 0.999999 0.000333269 -0.1031 -0.00263988 -0.000336151 0.999997 2.76321
0.999997 0.00132526 0.00200174 0.0297665 -0.00132648 0.999999 0.000605134 -0.103731 -0.00200093 -0.000607788 0.999998 2.77955
0.999994 0.00189071 0.00297981 0.0310827 -0.00189084 0.999998 4.05703e-05 -0.103636 -0.00297973 -4.62062e-05 0.999996 2.77161
0.999996 0.00161053 0.00242794 0.0318023 -0.00161239 0.999999 0.000765956 -0.10615 -0.0024267 -0.000769868 0.999997 2.84573
0.999995 0.00133864 0.00280061 0.0367047 -0.00134068 0.999999 0.000725262 -0.107238 -0.00279964 -0.000729012 0.999996 2.91502
0.999992 0.00141776 0.00362615 0.0367237 -0.00141982 0.999999 0.000565558 -0.110422 -0.00362535 -0.000570704 0.999993 2.95905
0.999994 0.00032264 0.00358292 0.036477 -0.000324629 1 0.000554286 -0.110637 -0.00358274 -0.000555447 0.999994 2.99387
0.999989 0.00115106 0.00447879 0.0309516 -0.0011541 0.999999 0.000674954 -0.110759 -0.00447801 -0.000680117 0.99999 3.00237
0.999992 0.00133504 0.00371806 0.0312108 -0.00133652 0.999999 0.000398188 -0.111994 -0.00371753 -0.000403155 0.999993 3.04605
0.99999 0.00179369 0.00402345 0.0350799 -0.00179127 0.999998 -0.000604687 -0.113542 -0.00402453 0.000597472 0.999992 3.1074
0.999992 0.00203765 0.00359787 0.0300031 -0.00203151 0.999997 -0.00170994 -0.114134 -0.00360134 0.00170262 0.999992 3.14124
0.999991 0.000876932 0.00421563 0.0358444 -0.00086813 0.999997 -0.00208928 -0.1145 -0.00421745 0.0020856 0.999989 3.11492
0.999993 0.00181756 0.00336414 0.0310744 -0.00180973 0.999996 -0.0023306 -0.114321 -0.00336836 0.00232449 0.999992 3.15541
0.999991 0.00139806 0.00394147 0.0338696 -0.00138742 0.999995 -0.00269838 -0.115349 -0.00394522 0.00269288 0.999989 3.23192
0.999992 0.00176732 0.00347235 0.0335192 -0.00175731 0.999994 -0.00288464 -0.117283 -0.00347743 0.00287852 0.99999 3.3273
0.999995 0.000973577 0.00310246 0.0318561 -0.000963335 0.999994 -0.00330106 -0.1203 -0.00310565 0.00329805 0.99999 3.42036
0.999998 0.000666128 0.00207013 0.0356812 -0.000658914 0.999994 -0.0034836 -0.122849 -0.00207244 0.00348223 0.999992 3.52766
0.999999 0.00142763 0.000972465 0.0312383 -0.0014241 0.999992 -0.003619 -0.124984 -0.000977624 0.00361761 0.999993 3.65817
0.999999 0.00159189 0.000475167 0.0323427 -0.00158993 0.99999 -0.00411363 -0.128322 -0.000481711 0.00411287 0.999991 3.80822
0.999998 0.00195614 0.00015492 0.0387746 -0.00195546 0.999989 -0.00426812 -0.12869 -0.000163267 0.0042678 0.999991 3.88505
0.999999 0.00152338 -0.000723504 0.0327219 -0.00152697 0.999987 -0.00498386 -0.129196 0.000715902 0.00498496 0.999987 3.93194
0.999997 0.00179012 -0.00144965 0.0302912 -0.00179815 0.999983 -0.0055572 -0.132461 0.00143968 0.00555979 0.999984 4.05046
0.999995 0.00212071 -0.00224338 0.0311457 -0.00213306 0.999983 -0.00551603 -0.136498 0.00223164 0.00552079 0.999982 4.24162
0.999996 0.0013179 -0.00244771 0.0312626 -0.00133153 0.999984 -0.00557762 -0.138315 0.00244031 0.00558085 0.999982 4.44237
0.999996 0.00153377 -0.00226638 0.0243814 -0.00154701 0.999982 -0.00585055 -0.146406 0.00225737 0.00585403 0.99998 4.71532
0.999998 0.00127224 -0.00172865 0.0202696 -0.00128259 0.999981 -0.00599946 -0.150064 0.00172099 0.00600166 0.999981 4.95282
0.999996 0.00204103 -0.00207786 0.0162838 -0.00205338 0.99998 -0.0059597 -0.152281 0.00206565 0.00596394 0.99998 5.14871
0.999995 0.00236062 -0.00188684 0.0157471 -0.00237232 0.999978 -0.00622205 -0.158838 0.00187211 0.0062265 0.999979 5.3757
0.999997 0.00194617 -0.0018217 0.0161473 -0.00195871 0.999974 -0.00690882 -0.164918 0.00180821 0.00691237 0.999975 5.68576
0.999997 0.00220542 -0.00141512 0.01021 -0.00221527 0.999973 -0.00699618 -0.17145 0.00139965 0.00699929 0.999975 6.03053
0.999998 0.00127991 -0.00186382 0.00701211 -0.00129279 0.999975 -0.00692324 -0.178036 0.00185491 0.00692563 0.999974 6.27143
0.999996 0.00238422 -0.00182976 0.00239507 -0.00239774 0.99997 -0.00741943 -0.183192 0.00181202 0.00742379 0.999971 6.59633
0.999994 0.00294413 -0.00186292 -0.00239334 -0.00295847 0.999966 -0.00774045 -0.188319 0.00184006 0.00774592 0.999968 6.8999
0.999997 0.00219355 -0.00151448 -0.00111551 -0.00220589 0.999964 -0.00819534 -0.196864 0.00149645 0.00819865 0.999965 7.23332
0.999996 0.00246231 -0.00149064 -0.00970463 -0.00247421 0.999965 -0.00803291 -0.204169 0.00147081 0.00803656 0.999967 7.57236
0.999998 0.00161611 -0.00132112 -0.00910461 -0.0016256 0.999973 -0.00720798 -0.212153 0.00130944 0.00721011 0.999973 7.93263
0.999997 0.00226439 -0.00123832 -0.014215 -0.00227339 0.999971 -0.00731438 -0.219719 0.00122172 0.00731718 0.999973 8.33476
0.999997 0.00260077 -0.000558917 -0.0224817 -0.00260472 0.999971 -0.0071797 -0.228877 0.000540228 0.00718113 0.999974 8.75662
0.999995 0.00301616 -0.000680191 -0.0363487 -0.00302008 0.999978 -0.00584079 -0.237215 0.000662559 0.00584282 0.999983 9.19271
0.999998 0.00200571 -0.000352659 -0.0321729 -0.00200704 0.999991 -0.00382262 -0.246246 0.000344989 0.00382332 0.999993 9.5854
0.999998 0.00177656 -0.000427438 -0.0359109 -0.00177719 0.999997 -0.00149617 -0.255075 0.000424779 0.00149692 0.999999 10.0034
0.999998 0.00144119 -0.00117989 -0.0443003 -0.00144067 0.999999 0.000442607 -0.265261 0.00118053 -0.000440907 0.999999 10.4415
0.999998 0.00182351 -0.00126686 -0.0526187 -0.00182191 0.999998 0.00126471 -0.273209 0.00126917 -0.0012624 0.999999 10.9273
0.999999 0.00139657 -0.000925831 -0.050699 -0.00139496 0.999998 0.0017373 -0.277685 0.000928255 -0.00173601 0.999998 11.1978
0.999996 0.00201651 -0.00192479 -0.0589046 -0.00201328 0.999997 0.00168117 -0.283278 0.00192817 -0.00167729 0.999997 11.568
0.999998 0.00120407 -0.00161144 -0.066723 -0.00120092 0.999997 0.00195485 -0.29036 0.00161379 -0.00195291 0.999997 11.9986
0.999996 0.00177766 -0.00228273 -0.0703032 -0.0017732 0.999997 0.0019556 -0.296821 0.00228619 -0.00195154 0.999996 12.3498
0.999999 0.00113209 -0.000996803 -0.0717597 -0.00113005 0.999997 0.00204145 -0.303003 0.000999111 -0.00204032 0.999998 12.7523
0.999995 0.00235072 -0.00239531 -0.0834544 -0.0023444 0.999994 0.00263933 -0.307959 0.0024015 -0.0026337 0.999994 13.2085
0.999995 0.00151015 -0.00274789 -0.0904483 -0.00150341 0.999996 0.00245115 -0.316257 0.00275158 -0.00244701 0.999993 13.6228
0.999994 0.00189391 -0.00290981 -0.0937144 -0.0018869 0.999995 0.00240934 -0.324527 0.00291436 -0.00240384 0.999993 14.0249
0.999994 0.00193971 -0.00299516 -0.102482 -0.00193148 0.999994 0.00274864 -0.325962 0.00300047 -0.00274284 0.999992 14.3901
0.999992 0.00223531 -0.00330847 -0.106337 -0.00222636 0.999994 0.00270547 -0.335392 0.0033145 -0.00269809 0.999991 14.7911
0.999994 0.00208286 -0.00273192 -0.110204 -0.00207558 0.999994 0.00266167 -0.342445 0.00273745 -0.00265599 0.999993 15.2251
0.99999 0.00255227 -0.00363472 -0.114804 -0.00254184 0.999993 0.00287111 -0.349561 0.00364202 -0.00286184 0.999989 15.6394
0.999991 0.00218969 -0.0037912 -0.118043 -0.00217861 0.999993 0.00292539 -0.357571 0.00379758 -0.00291711 0.999989 16.0456
0.999992 0.00169307 -0.00364714 -0.121345 -0.00168535 0.999996 0.00211826 -0.364371 0.00365071 -0.0021121 0.999991 16.4265
0.999989 0.00220516 -0.00415818 -0.131485 -0.00219905 0.999997 0.00147153 -0.370059 0.00416141 -0.00146237 0.99999 16.8136
0.999989 0.00149782 -0.00446904 -0.130072 -0.00149169 0.999998 0.00137596 -0.376808 0.00447109 -0.00136928 0.999989 17.2146
0.999988 0.00183984 -0.00456306 -0.130032 -0.00183749 0.999998 0.000519107 -0.384573 0.00456401 -0.000510717 0.99999 17.5643
0.999987 0.0019921 -0.00477848 -0.138779 -0.00199071 0.999998 0.000295736 -0.39161 0.00477906 -0.00028622 0.999989 17.9339
0.999985 0.00252241 -0.00494402 -0.139696 -0.00252083 0.999997 0.000325143 -0.400556 0.00494483 -0.000312675 0.999988 18.377
0.999985 0.00249965 -0.0049464 -0.142488 -0.00249707 0.999997 0.000527561 -0.407102 0.0049477 -0.000515203 0.999988 18.7414
0.999987 0.00191342 -0.00464587 -0.149135 -0.00191379 0.999998 -7.55615e-05 -0.416559 0.00464571 8.44505e-05 0.999989 19.1173
0.999989 0.00218112 -0.00408053 -0.152536 -0.00218147 0.999998 -8.33566e-05 -0.424674 0.00408034 9.22563e-05 0.999992 19.5275
0.999989 0.00174715 -0.00430995 -0.160063 -0.00174851 0.999999 -0.00030985 -0.431242 0.0043094 0.000317383 0.999991 19.8859
0.999988 0.00222099 -0.00431287 -0.162535 -0.00222287 0.999997 -0.000431706 -0.439311 0.0043119 0.000441287 0.999991 20.2805
0.999989 0.00212896 -0.00414953 -0.164234 -0.00212977 0.999998 -0.000192192 -0.449222 0.00414911 0.000201028 0.999991 20.7066
0.999991 0.00257197 -0.00351981 -0.168354 -0.00257169 0.999997 8.49506e-05 -0.455391 0.00352002 -7.58986e-05 0.999994 21.0841
0.999987 0.0025543 -0.00439721 -0.167585 -0.00255229 0.999997 0.000462373 -0.463325 0.00439838 -0.000451145 0.99999 21.4776
0.999989 0.00261105 -0.00394197 -0.17628 -0.00261085 0.999997 5.745e-05 -0.473196 0.0039421 -4.71575e-05 0.999992 21.8229
0.999994 0.00194599 -0.00292075 -0.17858 -0.00194636 0.999998 -0.000124224 -0.480853 0.00292051 0.000129906 0.999996 22.1855
0.999991 0.00231463 -0.0036289 -0.184289 -0.00231381 0.999997 0.000229388 -0.487556 0.00362942 -0.00022099 0.999993 22.5269
0.99999 0.0025594 -0.00367025 -0.196946 -0.00256062 0.999997 -0.000327764 -0.49573 0.0036694 0.000337158 0.999993 22.9071
0.99999 0.00265763 -0.00350577 -0.197954 -0.00265772 0.999997 -1.93235e-05 -0.501198 0.00350571 2.864e-05 0.999994 23.2752
0.999992 0.00267293 -0.00310999 -0.199601 -0.00267197 0.999996 0.000312589 -0.507809 0.00311081 -0.000304277 0.999995 23.6401
0.999991 0.00205255 -0.0036481 -0.199043 -0.00205076 0.999998 0.000495202 -0.514845 0.00364911 -0.000487716 0.999993 23.9636
0.999993 0.00107176 -0.00371403 -0.209719 -0.00106934 0.999999 0.000653802 -0.523317 0.00371473 -0.000649826 0.999993 24.3255
0.999991 0.00142361 -0.00391855 -0.203787 -0.00141916 0.999998 0.00113989 -0.529334 0.00392017 -0.00113432 0.999992 24.6076
0.999991 0.00126238 -0.00412814 -0.213178 -0.0012568 0.999998 0.0013531 -0.534288 0.00412984 -0.0013479 0.999991 24.9595
0.999986 0.00200277 -0.00481405 -0.216637 -0.00199638 0.999997 0.00133011 -0.540832 0.0048167 -0.00132049 0.999988 25.2623
0.999989 0.00137862 -0.00443088 -0.21795 -0.00137348 0.999998 0.00116203 -0.546715 0.00443247 -0.00115594 0.99999 25.5578
0.99999 0.000952011 -0.00446415 -0.228391 -0.000944235 0.999998 0.00174339 -0.553625 0.0044658 -0.00173916 0.999989 25.8986
0.999979 0.00125165 -0.00644356 -0.215344 -0.00123851 0.999997 0.00204296 -0.559042 0.0064461 -0.00203494 0.999977 26.1998
0.999972 0.00172564 -0.00722193 -0.220514 -0.00171084 0.999997 0.002054 -0.566864 0.00722545 -0.00204159 0.999972 26.5373
0.999972 0.000843403 -0.00744229 -0.235773 -0.000830449 0.999998 0.00174382 -0.570832 0.00744374 -0.00173759 0.999971 26.8348
0.999965 0.00107906 -0.00830966 -0.243374 -0.00106339 0.999998 0.00189103 -0.578923 0.00831168 -0.00188213 0.999964 27.2337
0.999961 0.00128422 -0.00872868 -0.249206 -0.00126472 0.999997 0.00223968 -0.583035 0.00873153 -0.00222855 0.999959 27.5279
0.999953 0.00154748 -0.00961555 -0.251838 -0.00152183 0.999995 0.00267471 -0.587594 0.00961964 -0.00265995 0.99995 27.78
0.999949 0.000708163 -0.0101369 -0.255157 -0.000684288 0.999997 0.0023586 -0.592894 0.0101385 -0.00235154 0.999946 28.0036
0.999937 0.000925613 -0.0111746 -0.264381 -0.000904012 0.999998 0.00193777 -0.601368 0.0111764 -0.00192754 0.999936 28.3748
0.999925 0.00123867 -0.0121907 -0.279374 -0.00121199 0.999997 0.00219521 -0.605937 0.0121933 -0.00218027 0.999923 28.7055
0.999909 0.00143697 -0.0133933 -0.275487 -0.00140661 0.999996 0.00227599 -0.611083 0.0133966 -0.00225695 0.999908 29.0066
0.999906 0.000965001 -0.0137046 -0.272162 -0.000939916 0.999998 0.0018367 -0.615756 0.0137063 -0.00182364 0.999905 29.1831
0.999894 0.001338 -0.014529 -0.285229 -0.00130845 0.999997 0.00204347 -0.619241 0.0145317 -0.00202424 0.999892 29.5089
0.999877 0.00165675 -0.0156103 -0.297029 -0.00162388 0.999997 0.00211858 -0.625348 0.0156137 -0.00209297 0.999876 29.7942
0.999875 0.00152783 -0.0157556 -0.303974 -0.00149777 0.999997 0.00191951 -0.630529 0.0157585 -0.00189567 0.999874 30.0741
0.999875 0.0016627 -0.0157162 -0.308563 -0.00162968 0.999996 0.00211379 -0.63755 0.0157197 -0.00208792 0.999874 30.4134
0.999863 0.00217761 -0.0164334 -0.316657 -0.00213782 0.999995 0.00243847 -0.641603 0.0164386 -0.002403 0.999862 30.5913
0.999865 0.00233263 -0.016242 -0.324493 -0.0022855 0.999993 0.00291968 -0.64433 0.0162487 -0.00288217 0.999864 30.8092
0.99985 0.00310679 -0.0170183 -0.339414 -0.00305672 0.999991 0.0029671 -0.6485 0.0170273 -0.00291464 0.999851 31.0715
0.999858 0.00331342 -0.0165563 -0.349303 -0.0032758 0.999992 0.00229868 -0.65352 0.0165638 -0.00224412 0.99986 31.2911
0.999867 0.00277806 -0.0161022 -0.35181 -0.00273818 0.999993 0.00249828 -0.65737 0.016109 -0.00245386 0.999867 31.5036
0.999867 0.00284485 -0.0160353 -0.36104 -0.00280043 0.999992 0.00279222 -0.6605 0.0160431 -0.00274694 0.999868 31.6843
0.999864 0.0027912 -0.0162705 -0.364811 -0.00274718 0.999993 0.00272766 -0.664964 0.016278 -0.00268259 0.999864 31.9468
0.999883 0.00397706 -0.0147831 -0.379871 -0.00394377 0.99999 0.00228006 -0.666848 0.014792 -0.00222149 0.999888 32.0939
0.999878 0.00312652 -0.0153196 -0.37488 -0.0030974 0.999993 0.00192429 -0.671928 0.0153256 -0.0018766 0.999881 32.3091
0.99989 0.00263286 -0.0146213 -0.385749 -0.00260242 0.999994 0.00210046 -0.677349 0.0146267 -0.00206217 0.999891 32.5812
0.999884 0.00356312 -0.014804 -0.387799 -0.00353087 0.999991 0.00220436 -0.680113 0.0148117 -0.00215184 0.999888 32.7553
0.999901 0.00322548 -0.0137183 -0.389089 -0.00319226 0.999992 0.00244255 -0.685241 0.0137261 -0.00239851 0.999903 32.8638
0.999889 0.00412176 -0.0143177 -0.403348 -0.00408071 0.999987 0.00289532 -0.68809 0.0143295 -0.00283657 0.999893 33.1067
0.999876 0.00401305 -0.0151988 -0.395481 -0.00397497 0.999989 0.00253451 -0.691184 0.0152088 -0.00247378 0.999881 33.3216
0.999876 0.00411223 -0.0152008 -0.393166 -0.00407804 0.999989 0.00227969 -0.694152 0.0152101 -0.00221742 0.999882 33.4506
0.999874 0.00359911 -0.015455 -0.40689 -0.00356976 0.999992 0.00192611 -0.70019 0.0154618 -0.0018707 0.999879 33.6167
0.999871 0.00469596 -0.015357 -0.404542 -0.00466109 0.999986 0.0023057 -0.701771 0.0153676 -0.00223383 0.999879 33.7961
0.999862 0.00401026 -0.0161447 -0.404786 -0.00397383 0.99999 0.00228827 -0.704948 0.0161537 -0.0022238 0.999867 33.9577
0.999863 0.00402275 -0.0160476 -0.420274 -0.00399306 0.99999 0.00188156 -0.707173 0.016055 -0.00181722 0.999869 34.0854
0.999853 0.0038318 -0.016713 -0.415577 -0.00380159 0.999991 0.00183909 -0.711414 0.0167199 -0.00177529 0.999859 34.2335
0.999843 0.00433365 -0.0171777 -0.417604 -0.00430775 0.99999 0.00154463 -0.71173 0.0171842 -0.00147039 0.999851 34.3506
0.999828 0.00496818 -0.0178817 -0.414053 -0.00494711 0.999987 0.00122233 -0.714467 0.0178875 -0.00113365 0.999839 34.5036
0.999853 0.00406604 -0.0166448 -0.429523 -0.00405058 0.999991 0.000962724 -0.71838 0.0166486 -0.000895162 0.999861 34.6177
0.999857 0.00324245 -0.016624 -0.428166 -0.00322955 0.999995 0.000802406 -0.721002 0.0166265 -0.000748604 0.999862 34.7666
0.999845 0.00461373 -0.0169999 -0.435859 -0.0046054 0.999989 0.000529248 -0.721851 0.0170022 -0.000450876 0.999855 34.9204
0.999865 0.00410812 -0.0159214 -0.446442 -0.00410364 0.999992 0.000313754 -0.724478 0.0159226 -0.000248376 0.999873 35.0515
0.999855 0.003559 -0.0166683 -0.442497 -0.00355729 0.999994 0.000132211 -0.72591 0.0166686 -7.28993e-05 0.999861 35.1989
0.999863 0.00449512 -0.0159557 -0.457095 -0.00449762 0.99999 -0.000121071 -0.729136 0.015955 0.000192817 0.999873 35.3461
0.99988 0.00357506 -0.0150708 -0.462529 -0.00358083 0.999994 -0.000355895 -0.732583 0.0150694 0.000409818 0.999886 35.4858
0.999894 0.00322466 -0.0141962 -0.460169 -0.0032335 0.999995 -0.000599728 -0.737322 0.0141942 0.000645567 0.999899 35.6083
0.999882 0.00370321 -0.0149021 -0.47011 -0.00371914 0.999993 -0.00104099 -0.739968 0.0148981 0.00109629 0.999888 35.7393
0.9999 0.0031143 -0.0138039 -0.469495 -0.00313205 0.999994 -0.00126439 -0.741104 0.0137999 0.0013075 0.999904 35.9266
0.999901 0.00391003 -0.0135205 -0.477289 -0.00393964 0.99999 -0.00216442 -0.744572 0.0135119 0.00221748 0.999906 36.0773
0.9999 0.00281065 -0.0138583 -0.472506 -0.0028665 0.999988 -0.00401231 -0.748021 0.0138468 0.00405163 0.999896 36.2208
0.999918 0.00220547 -0.0125892 -0.466655 -0.00227329 0.999983 -0.00537513 -0.754854 0.0125771 0.00540331 0.999906 36.3666
0.999941 0.00313972 -0.0104525 -0.476075 -0.00320289 0.999977 -0.00603182 -0.76077 0.0104334 0.00606494 0.999927 36.6003
0.999959 0.0037477 -0.00821324 -0.477031 -0.00379004 0.99998 -0.00514563 -0.762992 0.00819378 0.00517655 0.999953 36.7697
0.999968 0.00491839 -0.00628565 -0.474659 -0.00494431 0.999979 -0.00411588 -0.76368 0.00626528 0.00414683 0.999972 36.9679
0.999982 0.00560931 -0.00196828 -0.472786 -0.00561771 0.999975 -0.00428639 -0.766892 0.00194418 0.00429737 0.999989 37.2078
0.999983 0.00473943 0.0034077 -0.471656 -0.00472416 0.999979 -0.00447407 -0.773787 -0.00342883 0.00445789 0.999984 37.439
0.999964 0.00315672 0.00782186 -0.456389 -0.00312717 0.999988 -0.00378613 -0.780499 -0.00783372 0.00376154 0.999962 37.6573
0.999907 0.00192817 0.0134763 -0.446517 -0.00188292 0.999993 -0.00336922 -0.786503 -0.0134827 0.00334353 0.999904 37.9398
0.999826 0.00221048 0.0185504 -0.427546 -0.00214112 0.999991 -0.00375772 -0.791497 -0.0185586 0.00371735 0.999821 38.225
0.999687 0.00325643 0.0248072 -0.426166 -0.00312376 0.999981 -0.00538492 -0.79342 -0.0248243 0.00530575 0.999678 38.6305
0.999526 0.00381722 0.030549 -0.410617 -0.00361361 0.999971 -0.00671758 -0.798487 -0.0305737 0.006604 0.999511 38.8937
0.999337 0.00300387 0.0362774 -0.380142 -0.00275146 0.999972 -0.00700561 -0.803449 -0.0362975 0.00690115 0.999317 39.1719
0.999087 0.00148939 0.0426933 -0.353118 -0.00123981 0.999982 -0.00587177 -0.809133 -0.0427013 0.00581348 0.999071 39.5214
0.998768 0.00141828 0.0496136 -0.323085 -0.00115253 0.999985 -0.00538455 -0.818562 -0.0496205 0.00532073 0.998754 39.9087
0.998493 0.00205928 0.0548428 -0.295336 -0.00175994 0.999983 -0.00550588 -0.825287 -0.0548533 0.00540106 0.99848 40.2839
0.998231 0.00208852 0.0594253 -0.258585 -0.00174983 0.999982 -0.00575086 -0.830693 -0.0594362 0.0056367 0.998216 40.6505
0.997827 0.00145345 0.0658671 -0.207004 -0.00108146 0.999983 -0.00568291 -0.840016 -0.0658742 0.00559933 0.997812 41.0824
0.997361 0.000699339 0.0725968 -0.17026 -0.000311167 0.999986 -0.00535812 -0.848246 -0.0725995 0.00532139 0.997347 41.5629
0.996893 0.00121873 0.0787624 -0.11252 -0.000824547 0.999987 -0.00503705 -0.853847 -0.0787675 0.00495646 0.996881 41.9247
0.996326 0.00113613 0.0856389 -0.0662405 -0.000691904 0.999986 -0.00521668 -0.861297 -0.0856436 0.00513825 0.996313 42.3106
0.995804 -9.45013e-06 0.091516 0.00256469 0.000495754 0.999986 -0.00529114 -0.868036 -0.0915146 0.00531431 0.99579 42.682
0.995264 0.000583957 0.0972142 0.0651091 -9.96105e-05 0.999988 -0.00498704 -0.878143 -0.0972159 0.00495373 0.995251 43.0769
0.99475 6.37919e-05 0.102332 0.122657 0.000392951 0.99999 -0.00444319 -0.887418 -0.102331 0.00446008 0.99474 43.7967
0.994137 -0.000289403 0.108132 0.199102 0.000730388 0.999992 -0.00403862 -0.899246 -0.10813 0.00409392 0.994128 44.4091
0.993575 3.38284e-05 0.113175 0.273686 0.000372224 0.999994 -0.00356672 -0.910278 -0.113174 0.00358593 0.993569 45.081
0.993005 -0.00130405 0.118063 0.358413 0.00173203 0.999992 -0.00352252 -0.921882 -0.118057 0.00370236 0.993 45.7539
0.992511 -0.00237171 0.122129 0.434633 0.00276803 0.999991 -0.00307559 -0.933477 -0.122121 0.00339061 0.992509 46.4599
0.992328 -0.00228559 0.123609 0.526547 0.00263049 0.999993 -0.00262714 -0.94413 -0.123602 0.00293213 0.992328 47.1096
0.992008 -0.00390638 0.126117 0.607597 0.00425913 0.999988 -0.00252746 -0.955212 -0.126106 0.00304441 0.992012 47.8181
0.991939 -0.00464605 0.126635 0.687446 0.00499505 0.999985 -0.00243856 -0.968029 -0.126622 0.00305145 0.991947 48.5451
0.991969 -0.00400001 0.126421 0.771004 0.00442253 0.999986 -0.00306174 -0.979491 -0.126407 0.00359625 0.991972 49.2294
0.992122 -0.0037764 0.125222 0.865695 0.00422455 0.999986 -0.0033135 -0.989228 -0.125207 0.0038164 0.992123 49.9538
0.992209 -0.00349839 0.124532 0.950057 0.00401063 0.999985 -0.00386283 -1.00297 -0.124516 0.00433219 0.992208 50.7345
0.992357 -0.00473501 0.123305 1.05197 0.00527096 0.999978 -0.00402069 -1.01473 -0.123284 0.0046399 0.992361 51.456
0.992537 -0.00478729 0.12185 1.12915 0.00528299 0.999979 -0.0037454 -1.02937 -0.121829 0.00436118 0.992541 52.2212
0.992822 -0.00448063 0.119522 1.2179 0.00497208 0.99998 -0.00381389 -1.0415 -0.119503 0.00438079 0.992824 52.974
0.993292 -0.00454882 0.115541 1.30636 0.00501393 0.99998 -0.00373518 -1.05762 -0.115521 0.00428943 0.993296 53.7866
0.993696 -0.00576304 0.111964 1.38913 0.00613213 0.999977 -0.00295237 -1.06879 -0.111945 0.00362033 0.993708 54.5397
0.994294 -0.00516389 0.106548 1.46817 0.0053778 0.999984 -0.00172047 -1.08485 -0.106538 0.00228365 0.994306 55.3557
0.994725 -0.00601514 0.102406 1.55371 0.00609849 0.999981 -0.000500943 -1.10087 -0.102401 0.00112282 0.994743 56.1288
0.995243 -0.00606353 0.0972406 1.61772 0.00604892 0.999982 0.000445026 -1.11282 -0.0972415 0.000145291 0.995261 56.8858
0.995685 -0.00678337 0.0925503 1.69495 0.0067193 0.999977 0.00100391 -1.1284 -0.092555 -0.000377709 0.995708 57.6626
0.996245 -0.00661305 0.0863245 1.7521 0.00652046 0.999978 0.00135453 -1.14294 -0.0863315 -0.000786565 0.996266 58.4713
0.996744 -0.00635432 0.0803791 1.81546 0.00623992 0.999979 0.00167435 -1.15791 -0.080388 -0.00116734 0.996763 59.2678
0.997166 -0.00585029 0.0750068 1.87364 0.00574891 0.999982 0.00156741 -1.17326 -0.0750146 -0.00113176 0.997182 60.0001
0.997625 -0.00504088 0.0686965 1.91571 0.00495906 0.999987 0.00136146 -1.18446 -0.0687024 -0.00101756 0.997637 60.7665
0.997922 -0.00533172 0.0642127 1.96681 0.00527418 0.999986 0.00106551 -1.20068 -0.0642174 -0.000724624 0.997936 61.5139
0.998239 -0.00535899 0.059079 2.0055 0.00528068 0.999985 0.00148155 -1.21326 -0.059086 -0.00116697 0.998252 62.2666
0.998559 -0.0052247 0.053415 2.04919 0.00514432 0.999986 0.0016422 -1.22769 -0.0534228 -0.00136505 0.998571 63.0192
0.998817 -0.0044899 0.0484261 2.06584 0.00438114 0.999988 0.00235177 -1.2402 -0.048436 -0.00213682 0.998824 63.7943
0.999066 -0.00421353 0.0430024 2.09421 0.00412441 0.999989 0.002161 -1.25602 -0.0430111 -0.00198162 0.999073 64.542
0.999302 -0.00448158 0.0370916 2.12182 0.00439719 0.999988 0.00235634 -1.26932 -0.0371017 -0.0021916 0.999309 65.2995
0.999455 -0.00483295 0.0326549 2.14234 0.00474814 0.999985 0.00267428 -1.28438 -0.0326673 -0.00251777 0.999463 66.0556
0.999636 -0.00421975 0.0266625 2.15745 0.0041534 0.999988 0.00254314 -1.29833 -0.0266729 -0.00243147 0.999641 66.8651
0.999738 -0.00399816 0.022555 2.17245 0.0039408 0.999989 0.00258667 -1.31182 -0.0225651 -0.00249711 0.999742 67.5765
0.99983 -0.00279868 0.0182213 2.19188 0.00274956 0.999993 0.00272049 -1.32626 -0.0182287 -0.00266992 0.99983 68.3087
0.999892 -0.00312809 0.014354 2.20286 0.0030859 0.999991 0.00296008 -1.33874 -0.0143631 -0.00291547 0.999893 69.0618
0.999924 -0.00343776 0.0118454 2.18643 0.00339067 0.999986 0.00399332 -1.34942 -0.011859 -0.00395285 0.999922 69.8021
0.999955 -0.00374826 0.00870449 2.19519 0.00371333 0.999985 0.00402523 -1.36439 -0.00871944 -0.00399272 0.999954 70.5241
0.999973 -0.00332475 0.00651363 2.20073 0.00330584 0.99999 0.00291095 -1.37816 -0.00652325 -0.00288934 0.999975 71.2569
0.999984 -0.00268365 0.00499322 2.19423 0.00267158 0.999994 0.00242154 -1.38742 -0.00499969 -0.00240816 0.999985 72.0113
0.99999 -0.00302443 0.00339603 2.19348 0.00301847 0.999994 0.00175821 -1.39947 -0.00340132 -0.00174794 0.999993 72.828
0.999994 -0.00285621 0.00219389 2.19777 0.0028519 0.999994 0.00196512 -1.41294 -0.00219949 -0.00195885 0.999996 73.5604
0.999994 -0.00320775 0.00137001 2.20128 0.00320505 0.999993 0.00196935 -1.42602 -0.00137632 -0.00196495 0.999997 74.3
0.999993 -0.00383755 -3.15496e-06 2.18976 0.00383755 0.999992 0.0012684 -1.43737 -1.71268e-06 -0.0012684 0.999999 75.0702
0.999996 -0.00286227 -0.00095176 2.18542 0.00286354 0.999995 0.00133713 -1.44564 0.000947928 -0.00133985 0.999999 75.7754
0.999992 -0.00357775 -0.0018324 2.182 0.00357974 0.999993 0.00108072 -1.45915 0.00182852 -0.00108727 0.999998 76.5638
0.99999 -0.00264254 -0.00362443 2.17212 0.00264613 0.999996 0.000985473 -1.473 0.00362181 -0.000995055 0.999993 77.3443
0.999987 -0.00241323 -0.00451619 2.16856 0.0024182 0.999997 0.00109383 -1.48333 0.00451353 -0.00110474 0.999989 78.0597
0.999981 -0.00345746 -0.00516937 2.16323 0.00346124 0.999994 0.000722323 -1.49132 0.00516684 -0.000740203 0.999986 78.7885
0.999975 -0.00181154 -0.00679064 2.14859 0.00181262 0.999998 0.000152135 -1.5047 0.00679035 -0.000164439 0.999977 79.5895
0.999966 -0.00187827 -0.00808248 2.13554 0.00187709 0.999998 -0.000153788 -1.51799 0.00808275 0.00013861 0.999967 80.4556
0.999951 -0.00195669 -0.00976159 2.11177 0.00195555 0.999998 -0.000126492 -1.53137 0.00976182 0.000107396 0.999952 81.3134
0.999935 -0.00226146 -0.0111627 2.10334 0.00226099 0.999997 -5.48991e-05 -1.54493 0.0111628 2.96566e-05 0.999938 82.1196
0.999906 -0.00277626 -0.0134553 2.0798 0.00277625 0.999996 -1.93119e-05 -1.56032 0.0134553 -1.80467e-05 0.99991 82.9573
0.999875 -0.00273213 -0.0156007 2.07761 0.00274183 0.999996 0.000599843 -1.57042 0.015599 -0.000642543 0.999878 83.7566
0.999835 -0.00366343 -0.0177668 2.05978 0.00367328 0.999993 0.000521847 -1.58403 0.0177648 -0.000587026 0.999842 84.608
0.999781 -0.00317045 -0.0206645 2.02992 0.00317236 0.999995 5.95935e-05 -1.60082 0.0206642 -0.000125136 0.999786 85.4539
0.999742 -0.00432683 -0.0222883 2.00853 0.00432356 0.999991 -0.0001946 -1.6149 0.0222889 9.81838e-05 0.999752 86.3754
0.99969 -0.00402331 -0.0245733 1.98863 0.00400593 0.999992 -0.000756098 -1.63191 0.0245761 0.000657424 0.999698 87.2478
0.999626 -0.00427692 -0.0270215 1.9627 0.00425016 0.99999 -0.0010476 -1.64448 0.0270257 0.000932363 0.999634 88.0492
0.999612 -0.00388296 -0.0275878 1.93927 0.00385626 0.999992 -0.00102114 -1.65912 0.0275916 0.000914357 0.999619 88.9249
0.999567 -0.00352533 -0.0292027 1.89735 0.00350644 0.999994 -0.000697963 -1.67302 0.029205 0.000595263 0.999573 89.8387
0.999499 -0.00383776 -0.0314099 1.85919 0.00381958 0.999993 -0.000638742 -1.69168 0.0314121 0.00051845 0.999506 90.7606
0.999442 -0.00354219 -0.0332189 1.82787 0.00355556 0.999994 0.000343324 -1.70161 0.0332174 -0.000461244 0.999448 91.6355
0.999428 -0.00339348 -0.0336458 1.79169 0.00341267 0.999994 0.000512853 -1.7182 0.0336439 -0.000627383 0.999434 92.5214
0.999327 -0.00340046 -0.0365264 1.75208 0.00343087 0.999994 0.000769831 -1.73066 0.0365236 -0.000894631 0.999332 93.4572
0.999248 -0.00386524 -0.0385827 1.70584 0.00387472 0.999993 0.0001709 -1.74968 0.0385818 -0.000320269 0.999255 94.3919
0.999146 -0.00356191 -0.0411632 1.66796 0.00356537 0.999994 1.07693e-05 -1.76237 0.0411629 -0.000157523 0.999152 95.3529
0.999098 -0.0049412 -0.042182 1.62436 0.00494339 0.999988 -5.2399e-05 -1.77847 0.0421818 -0.00015617 0.99911 96.2403
0.999008 -0.00389534 -0.0443571 1.58406 0.00392368 0.999992 0.000551857 -1.79167 0.0443546 -0.000725353 0.999016 97.1957
0.998951 -0.00559091 -0.0454541 1.54185 0.00562897 0.999984 0.000709468 -1.80363 0.0454494 -0.000964585 0.998966 98.0435
0.998925 -0.0052559 -0.0460569 1.50348 0.00529564 0.999986 0.000741086 -1.81711 0.0460524 -0.000984191 0.998939 98.9064
0.998861 -0.00562755 -0.0473859 1.44911 0.00572671 0.999982 0.00195713 -1.82864 0.047374 -0.00222627 0.998875 99.6817
0.998713 -0.00458078 -0.0505133 1.42111 0.00469889 0.999987 0.00221975 -1.8486 0.0505025 -0.00245425 0.998721 100.453
0.998812 -0.00537934 -0.0484371 1.37316 0.0055324 0.99998 0.00302656 -1.85001 0.0484198 -0.00329094 0.998822 100.995
0.998813 -0.00282767 -0.0486201 1.33859 0.00300174 0.999989 0.00350756 -1.86622 0.0486097 -0.00364935 0.998811 101.662
0.998873 -0.0030769 -0.0473709 1.29187 0.00327172 0.999987 0.00403566 -1.87565 0.0473578 -0.0041861 0.998869 102.313
0.998772 -0.00261866 -0.0494675 1.24988 0.00277468 0.999991 0.00308552 -1.88494 0.049459 -0.00321899 0.998771 103.056
0.998877 -0.00373171 -0.0472382 1.19614 0.00386202 0.999989 0.0026676 -1.89298 0.0472277 -0.00284704 0.99888 103.723
0.99893 -0.00388693 -0.0460928 1.14991 0.00400368 0.999989 0.00244088 -1.90294 0.0460828 -0.00262281 0.998934 104.426
0.998943 -0.00325493 -0.0458521 1.099 0.00335736 0.999992 0.00215725 -1.9155 0.0458447 -0.00230891 0.998946 105.176
0.998946 -0.00159573 -0.0458764 1.05867 0.00168975 0.999997 0.00201072 -1.92952 0.045873 -0.00208612 0.998945 105.826
0.998925 -0.00137799 -0.0463449 1.01693 0.00150517 0.999995 0.00270936 -1.94342 0.0463409 -0.00277621 0.998922 106.546
0.998954 -0.00205148 -0.0456851 0.981391 0.00218943 0.999993 0.00296973 -1.95326 0.0456787 -0.00306664 0.998951 107.259
0.998956 -0.00118702 -0.0456715 0.954454 0.00130819 0.999996 0.00262345 -1.96797 0.0456682 -0.00268046 0.998953 107.95
0.998972 -0.00123123 -0.0453153 0.909463 0.00139604 0.999993 0.00360545 -1.97668 0.0453105 -0.00366501 0.998966 108.671
0.998951 -0.00212536 -0.0457509 0.878583 0.00228402 0.999992 0.00341589 -1.98889 0.0457432 -0.0035168 0.998947 109.38
0.99892 -0.00125843 -0.0464553 0.839436 0.00140389 0.999994 0.00309879 -2.00258 0.0464512 -0.00316066 0.998916 110.064
0.998935 0.000979198 -0.0461392 0.80119 -0.000850229 0.999996 0.00281474 -2.01956 0.0461417 -0.00277251 0.998931 110.774
0.998996 -0.000665514 -0.0447989 0.753897 0.00077289 0.999997 0.00237961 -2.02715 0.0447972 -0.00241184 0.998993 111.5
0.998968 -0.000313414 -0.0454273 0.720645 0.000395618 0.999998 0.00180062 -2.04293 0.0454267 -0.00181673 0.998966 112.19
0.99889 -0.000491784 -0.0471057 0.676212 0.000616942 0.999996 0.00264247 -2.05314 0.0471042 -0.0026686 0.998886 112.909
0.998903 -0.0022903 -0.0467691 0.616089 0.00247021 0.99999 0.00378925 -2.05957 0.0467599 -0.00390062 0.998899 113.608
0.999006 -0.00106747 -0.0445597 0.589033 0.00122729 0.999993 0.00355939 -2.07647 0.0445556 -0.00361054 0.999 114.283
0.999021 -0.00066802 -0.0442277 0.548805 0.000791445 0.999996 0.00277325 -2.09196 0.0442257 -0.00280554 0.999018 114.987
0.99903 -0.00234095 -0.0439757 0.519765 0.00247992 0.999992 0.00310579 -2.09627 0.043968 -0.00321183 0.999028 115.685
0.998957 0.00180642 -0.0456203 0.473934 -0.00160741 0.999989 0.00439865 -2.11873 0.0456277 -0.00432073 0.998949 116.392
0.998984 -0.00193224 -0.0450208 0.436022 0.00216788 0.999984 0.00518577 -2.12276 0.0450101 -0.0052781 0.998973 117.086
0.998977 0.00223384 -0.0451792 0.395834 -0.00194167 0.999977 0.00650987 -2.13696 0.0451927 -0.00641549 0.998958 117.789
0.998976 -0.000536274 -0.0452393 0.369003 0.000909998 0.999966 0.00824087 -2.14221 0.0452333 -0.0082736 0.998942 118.494
0.99897 0.000717537 -0.0453768 0.325174 -0.000314466 0.999961 0.00888929 -2.15316 0.0453814 -0.00886586 0.99893 119.17
0.999049 -0.000695779 -0.0436091 0.277399 0.00106386 0.999964 0.00841786 -2.16027 0.0436017 -0.00845624 0.999013 119.845
0.999048 0.00131159 -0.043605 0.25348 -0.000981472 0.999971 0.00759115 -2.17269 0.0436137 -0.00754113 0.99902 120.529
0.998992 -0.000493927 -0.044881 0.217568 0.000798377 0.999977 0.00676584 -2.17674 0.0448766 -0.00679485 0.998969 121.192
0.998997 -0.00154447 -0.0447494 0.182266 0.0018146 0.99998 0.00599653 -2.18636 0.0447393 -0.00607172 0.99898 121.851
0.998993 -0.00023664 -0.0448614 0.153632 0.0004744 0.999986 0.00528926 -2.1992 0.0448595 -0.00530522 0.998979 122.506
0.998962 -0.00275573 -0.0454804 0.1178 0.00297512 0.999984 0.00475702 -2.2072 0.0454666 -0.00488739 0.998954 123.183
0.998888 -0.00201318 -0.0470984 0.0849745 0.00220571 0.999989 0.00403632 -2.22018 0.0470897 -0.00413572 0.998882 123.84
0.99881 -0.00343449 -0.0486601 0.0591235 0.00366412 0.999983 0.00463065 -2.22706 0.0486433 -0.00480343 0.998805 124.483
0.998813 -0.00107043 -0.0487012 0.0200061 0.00136087 0.999982 0.0059309 -2.24579 0.048694 -0.00599014 0.998796 125.116
0.998765 -0.00190061 -0.0496472 -0.0202687 0.00226201 0.999971 0.0072242 -2.25137 0.049632 -0.00732759 0.998741 125.776
0.998697 -0.000638319 -0.0510244 -0.0516971 0.00105044 0.999967 0.00805059 -2.26475 0.0510176 -0.00809371 0.998665 126.427
0.99869 -0.00279607 -0.0510929 -0.0907232 0.00323737 0.999958 0.00855656 -2.26748 0.0510668 -0.00871076 0.998657 127.03
0.998679 -7.1635e-05 -0.05138 -0.133241 0.000540822 0.999958 0.00911785 -2.28397 0.0513772 -0.0091336 0.998638 127.656
0.998705 0.00133365 -0.05086 -0.173561 -0.000892886 0.999962 0.0086879 -2.29257 0.0508697 -0.00863123 0.998668 128.26
0.998676 0.000812301 -0.0514413 -0.210865 -0.000402128 0.999968 0.00798347 -2.30048 0.0514461 -0.00795222 0.998644 128.911
0.998635 0.00187438 -0.0522007 -0.246124 -0.00145907 0.999967 0.00799314 -2.3062 0.052214 -0.00790607 0.998605 129.517
0.99863 -0.000710954 -0.0523172 -0.289703 0.0011716 0.999961 0.00877478 -2.31019 0.0523089 -0.00882406 0.998592 130.179
0.998642 -0.00247551 -0.0520417 -0.324681 0.00297936 0.999949 0.00960625 -2.31494 0.0520153 -0.00974825 0.998599 130.779
0.998592 0.000519727 -0.0530463 -0.349609 2.77255e-06 0.999952 0.00984938 -2.32682 0.0530488 -0.00983565 0.998544 131.404
0.998666 -0.00237457 -0.0515813 -0.383628 0.00289603 0.999946 0.010037 -2.32986 0.0515547 -0.010173 0.998618 132.023
0.998545 -0.00193054 -0.0538944 -0.424153 0.00245476 0.99995 0.00966225 -2.34048 0.0538731 -0.00978049 0.9985 132.716
0.998629 -0.00117729 -0.0523298 -0.456959 0.00171079 0.999947 0.0101513 -2.3493 0.052315 -0.010227 0.998578 133.324
0.998638 -0.000874193 -0.0521724 -0.490543 0.00146041 0.999936 0.011199 -2.35296 0.0521592 -0.01126 0.998575 133.971
0.998675 -0.000398075 -0.0514673 -0.529209 0.000982756 0.999935 0.0113355 -2.36145 0.0514594 -0.011371 0.99861 134.602
0.998618 -0.0039223 -0.0524027 -0.562461 0.0045385 0.999922 0.0116452 -2.36889 0.052353 -0.0118669 0.998558 135.172
0.998683 -0.00291565 -0.0512183 -0.586674 0.00349747 0.99993 0.0112736 -2.37337 0.0511818 -0.0114379 0.998624 135.733
0.998739 -0.00347342 -0.0500819 -0.613813 0.00404782 0.999927 0.0113726 -2.3814 0.0500387 -0.0115609 0.99868 136.246
0.998723 -0.00333108 -0.0504057 -0.636106 0.00391516 0.999926 0.0114932 -2.38724 0.0503637 -0.0116758 0.998663 136.788
0.998755 -0.00431944 -0.0497103 -0.67045 0.00487859 0.999926 0.0111324 -2.39398 0.0496585 -0.0113611 0.998702 137.333
0.998709 -0.0047218 -0.0505798 -0.696981 0.00526219 0.999931 0.0105561 -2.40204 0.0505264 -0.0108086 0.998664 137.835
0.998754 -0.00499694 -0.0496551 -0.73171 0.00548146 0.999939 0.00962627 -2.40851 0.0496039 -0.00988646 0.99872 138.363
0.998772 -0.0049557 -0.0493077 -0.754358 0.00540765 0.999945 0.00903673 -2.41521 0.0492602 -0.00929226 0.998743 138.899
0.998779 -0.00552952 -0.0491035 -0.777156 0.00596292 0.999945 0.00868437 -2.42008 0.0490527 -0.00896656 0.998756 139.386
0.998793 -0.00613132 -0.0487322 -0.813046 0.00656069 0.999941 0.00865588 -2.42877 0.0486762 -0.00896515 0.998774 140.019
0.998776 -0.00585399 -0.0491167 -0.835469 0.00626843 0.999946 0.00828807 -2.43483 0.0490655 -0.00858581 0.998759 140.529
0.998776 -0.00583691 -0.0491157 -0.865741 0.00625232 0.999946 0.00830837 -2.44464 0.0490646 -0.00860529 0.998759 141.121
0.99879 -0.0071444 -0.0486575 -0.891788 0.007573 0.999934 0.00862979 -2.44698 0.0485926 -0.00898783 0.998778 141.674
0.998846 -0.00738877 -0.0474644 -0.916914 0.00781992 0.99993 0.00890429 -2.45326 0.0473953 -0.00926518 0.998833 141.964
0.998867 -0.00682692 -0.0470927 -0.92188 0.00722418 0.99994 0.00827089 -2.46109 0.0470334 -0.00860173 0.998856 142.432
0.998929 -0.00732445 -0.0456968 -0.95651 0.00766202 0.999945 0.0072165 -2.46933 0.0456414 -0.0075589 0.998929 142.987
0.998865 -0.00728282 -0.0470774 -0.983366 0.00764078 0.999943 0.00742825 -2.46935 0.0470207 -0.00777953 0.998864 143.402
0.998887 -0.00842302 -0.0464214 -1.00479 0.00878861 0.999932 0.00767704 -2.47594 0.0463536 -0.00807647 0.998892 143.915
0.998857 -0.00813032 -0.0470996 -1.03518 0.00850283 0.999934 0.00771404 -2.48459 0.0470338 -0.0081057 0.99886 144.428
0.998866 -0.00783719 -0.0469536 -1.07258 0.00822966 0.999933 0.00817137 -2.49107 0.0468863 -0.00854852 0.998864 144.862
0.998742 -0.00283111 -0.0500666 -1.10057 0.00325562 0.999959 0.00839935 -2.50132 0.0500408 -0.00855178 0.998711 145.397
0.99879 -0.00259654 -0.0491045 -1.12143 0.00301598 0.99996 0.00846957 -2.50686 0.0490805 -0.00860742 0.998758 145.88
0.998745 -0.000395691 -0.0500892 -1.1569 0.000819905 0.999964 0.00844888 -2.51769 0.0500841 -0.00847934 0.998709 146.421
0.998742 0.000444626 -0.0501517 -1.18813 -5.13904e-06 0.999962 0.00876295 -2.52297 0.0501537 -0.00875167 0.998703 146.922
0.998754 0.000419293 -0.0499072 -1.21905 3.72296e-05 0.999958 0.00914615 -2.52915 0.0499089 -0.00913662 0.998712 147.434
0.998751 0.000998575 -0.0499565 -1.24682 -0.000538745 0.999957 0.00921726 -2.53529 0.0499635 -0.00917884 0.998709 147.975
0.998696 0.00207145 -0.0510051 -1.28415 -0.00161313 0.999958 0.00902523 -2.54285 0.0510217 -0.00893118 0.998658 148.54
0.998659 0.00208234 -0.051735 -1.31703 -0.00162803 0.99996 0.00882194 -2.55036 0.0517513 -0.00872588 0.998622 149.054
0.998623 0.00285239 -0.0523911 -1.35462 -0.00237889 0.999956 0.00909794 -2.555 0.0524147 -0.00896077 0.998585 149.633
0.998601 0.00339775 -0.0527699 -1.38649 -0.00295634 0.99996 0.00844069 -2.56527 0.0527965 -0.00827287 0.998571 150.164
0.998573 0.00604764 -0.053061 -1.4184 -0.00561665 0.99995 0.00826801 -2.57198 0.0531083 -0.00795819 0.998557 150.692
0.998595 0.00208177 -0.0529448 -1.46311 -0.00164732 0.999965 0.0082479 -2.58129 0.0529601 -0.00814909 0.998564 151.291
0.998569 0.00542036 -0.0532048 -1.49554 -0.0049949 0.999955 0.00812641 -2.58596 0.0532464 -0.00784903 0.998551 151.815
0.998583 0.00331357 -0.0531228 -1.52883 -0.00291049 0.999966 0.00766349 -2.59299 0.0531464 -0.00749801 0.998559 152.349
0.998605 0.00389284 -0.0526596 -1.57555 -0.00351648 0.999968 0.00723775 -2.60424 0.0526861 -0.00704248 0.998586 152.91
0.998533 0.00483484 -0.0539385 -1.59665 -0.00443313 0.999962 0.00756458 -2.61148 0.053973 -0.00731437 0.998516 153.478
0.998507 0.00526518 -0.0543633 -1.63664 -0.00489305 0.999964 0.00697606 -2.61632 0.054398 -0.00669964 0.998497 154.032
0.998523 0.00484279 -0.0541143 -1.66901 -0.00450182 0.999969 0.00642104 -2.62423 0.0541438 -0.00616795 0.998514 154.576
0.998452 0.00531708 -0.0553706 -1.70956 -0.00500369 0.999971 0.00579702 -2.63233 0.0553998 -0.00551099 0.998449 155.126
0.998478 0.00348435 -0.0550393 -1.73996 -0.00319615 0.999981 0.0053234 -2.63915 0.0550568 -0.00513938 0.99847 155.706
0.998432 0.00517366 -0.0557348 -1.78106 -0.00489174 0.999975 0.0051935 -2.64803 0.0557603 -0.00491272 0.998432 156.224
0.998443 0.00494706 -0.0555607 -1.79959 -0.00467022 0.999976 0.00511131 -2.65536 0.0555847 -0.00484387 0.998442 156.788
0.998443 0.00389188 -0.0556554 -1.83813 -0.003629 0.999982 0.00482356 -2.66299 0.0556731 -0.00461408 0.998439 157.314
0.998447 0.00466699 -0.0555221 -1.86939 -0.00441338 0.999979 0.0046895 -2.66942 0.0555428 -0.00443718 0.998447 157.853
0.998442 0.00286025 -0.0557221 -1.90369 -0.00262456 0.999987 0.00430239 -2.67889 0.0557337 -0.00414944 0.998437 158.426
0.998442 0.00147201 -0.0557747 -1.93346 -0.0012495 0.999991 0.00402411 -2.68525 0.0557801 -0.00394815 0.998435 159.011
0.998382 -8.09664e-05 -0.0568706 -1.96683 0.000295227 0.999993 0.00375915 -2.69273 0.0568699 -0.00376986 0.998375 159.498
0.998396 0.00171768 -0.0565879 -1.99383 -0.00152785 0.999993 0.00339783 -2.70427 0.0565934 -0.00330592 0.998392 160.138
0.998279 -0.000346864 -0.0586382 -2.04193 0.000545996 0.999994 0.00337997 -2.71176 0.0586366 -0.00340618 0.998274 160.731
0.9983 0.00067271 -0.0582842 -2.08217 -0.000485852 0.999995 0.00322011 -2.72267 0.058286 -0.00318632 0.998295 161.339
0.998152 -0.0016617 -0.0607419 -2.11369 0.00187878 0.999992 0.00351697 -2.72286 0.0607356 -0.00362459 0.998147 161.876
0.998252 -0.000636797 -0.0590923 -2.14788 0.000807474 0.999996 0.00286451 -2.73211 0.0590902 -0.00290722 0.998249 162.477
0.99808 -0.00285692 -0.0618797 -2.19576 0.00302969 0.999992 0.00269839 -2.74027 0.0618715 -0.00288069 0.99808 163.091
0.998078 -0.00207731 -0.0619393 -2.23856 0.00222912 0.999995 0.00238198 -2.74753 0.061934 -0.00251548 0.998077 163.748
0.998049 -0.0032052 -0.0623461 -2.27336 0.00335246 0.999992 0.00225758 -2.7559 0.0623384 -0.00246219 0.998052 164.346
0.997969 -0.00235547 -0.0636658 -2.32656 0.00251742 0.999994 0.00246367 -2.76321 0.0636596 -0.00261894 0.997968 164.976
0.997965 -0.00338893 -0.0636801 -2.36975 0.00355107 0.999991 0.00243317 -2.77015 0.0636713 -0.00265435 0.997967 165.619
0.997947 -0.00219604 -0.0640056 -2.40426 0.00233418 0.999995 0.00208361 -2.77953 0.0640007 -0.00222873 0.997948 166.269
0.997901 -0.00192814 -0.0647233 -2.45524 0.00204764 0.999996 0.00178004 -2.79181 0.0647197 -0.00190884 0.997902 166.927
0.998006 -0.000894078 -0.0631158 -2.49578 0.00100584 0.999998 0.00173901 -2.79815 0.0631141 -0.00179903 0.998005 167.658
0.997973 -0.00169349 -0.063611 -2.54574 0.00182691 0.999996 0.00203928 -2.80801 0.0636073 -0.00215136 0.997973 168.336
0.998036 -0.00239968 -0.0625999 -2.58289 0.0025946 0.999992 0.00303254 -2.81492 0.0625921 -0.003189 0.998034 168.995
0.998019 -0.00110442 -0.0629042 -2.63285 0.00133793 0.999992 0.00367013 -2.82128 0.0628997 -0.00374702 0.998013 169.703
0.998048 -0.0015562 -0.0624388 -2.68417 0.00179803 0.999991 0.00381713 -2.83213 0.0624323 -0.00392195 0.998042 170.447
0.99808 -0.00079712 -0.0619422 -2.73573 0.00103535 0.999992 0.00381407 -2.83688 0.0619387 -0.00387087 0.998073 171.117
0.998089 -0.00056993 -0.0617938 -2.7748 0.000773045 0.999994 0.00326311 -2.84614 0.0617916 -0.00330465 0.998084 171.821
0.998139 -0.00213633 -0.0609425 -2.83009 0.00233813 0.999992 0.00324019 -2.85256 0.0609351 -0.00337666 0.998136 172.599
0.998127 -0.0011167 -0.061162 -2.8883 0.0012949 0.999995 0.00287398 -2.86141 0.0611585 -0.0029478 0.998124 173.412
0.998214 -0.00132315 -0.0597312 -2.92534 0.00143937 0.999997 0.00190276 -2.87738 0.0597285 -0.00198533 0.998213 174.153
0.998215 -0.00139704 -0.0597129 -2.96525 0.00152996 0.999996 0.00218032 -2.88379 0.0597096 -0.00226779 0.998213 174.925
0.998223 -0.00133361 -0.0595664 -3.02754 0.00144534 0.999997 0.00183276 -2.89143 0.0595638 -0.00191559 0.998223 175.78
0.998222 -0.00232912 -0.0595584 -3.07154 0.00250738 0.999993 0.00291843 -2.89625 0.0595511 -0.00306257 0.998221 176.539
0.998247 -0.00140044 -0.0591709 -3.11372 0.00161472 0.999992 0.0035737 -2.91174 0.0591654 -0.00366298 0.998242 177.328
0.998256 -0.00269822 -0.0589748 -3.15794 0.00295115 0.999987 0.00420195 -2.92321 0.0589627 -0.00436867 0.998251 178.169
0.998168 -0.00249436 -0.0604504 -3.21252 0.00280372 0.999983 0.00503335 -2.93242 0.0604368 -0.00519362 0.998159 178.926
0.998141 -0.00226139 -0.0609059 -3.24291 0.00262168 0.99998 0.00583643 -2.94243 0.0608914 -0.00598526 0.998127 179.733
0.998123 -0.00337441 -0.0611463 -3.31585 0.00378021 0.999972 0.00652211 -2.95048 0.0611225 -0.00674102 0.998108 180.447
0.998091 -0.00374615 -0.0616403 -3.37073 0.00416566 0.999969 0.00667867 -2.96103 0.0616134 -0.00692269 0.998076 181.326
0.998048 -0.00334929 -0.0623711 -3.43972 0.00375581 0.999973 0.00640166 -2.97388 0.0623479 -0.00662341 0.998033 182.279
0.99799 -0.00410678 -0.0632386 -3.49236 0.00448113 0.999973 0.00577894 -2.98147 0.0632132 -0.00605071 0.997982 183.049
0.997952 -0.00425651 -0.0638214 -3.54627 0.0045828 0.999977 0.00496712 -2.99271 0.0637988 -0.00524943 0.997949 183.841
0.997981 -0.00399095 -0.0633879 -3.5752 0.00429175 0.99998 0.00460989 -3.00184 0.0633683 -0.00487262 0.997978 184.589
0.997958 -0.00400052 -0.0637508 -3.64648 0.00428383 0.999982 0.00430798 -3.01169 0.0637324 -0.00457228 0.997957 185.419
0.997884 -0.00481035 -0.0648422 -3.683 0.0051253 0.999976 0.00469181 -3.0223 0.0648181 -0.00501422 0.997885 186.275
0.997743 -0.00485221 -0.0669672 -3.73647 0.00514296 0.999978 0.00416989 -3.03607 0.0669455 -0.00450489 0.997747 187.218
0.997797 -0.00526186 -0.0661404 -3.81174 0.00554883 0.999976 0.00415579 -3.04486 0.066117 -0.00451364 0.997802 188.012
0.99775 -0.00536699 -0.0668376 -3.85893 0.00561616 0.999978 0.00354072 -3.05409 0.0668172 -0.00390812 0.997758 188.892
0.997717 -0.00586422 -0.0672758 -3.92937 0.00601228 0.99998 0.00199848 -3.06529 0.0672627 -0.0023984 0.997732 189.741
0.997646 -0.00563332 -0.068346 -3.98791 0.00579322 0.999981 0.00214153 -3.0739 0.0683326 -0.00253243 0.997659 190.62
0.997625 -0.00646874 -0.0685802 -4.05074 0.00664055 0.999975 0.00227763 -3.08567 0.0685638 -0.00272763 0.997643 191.505
0.997469 -0.00545202 -0.0708941 -4.12274 0.00562328 0.999982 0.00221644 -3.09887 0.0708808 -0.00260949 0.997481 192.408
0.997401 -0.00585494 -0.0718167 -4.17695 0.00602452 0.99998 0.00214493 -3.10683 0.0718027 -0.00257201 0.997416 193.388
0.997326 -0.00606104 -0.0728311 -4.25011 0.00627285 0.999977 0.0026798 -3.11905 0.0728132 -0.00312949 0.997341 194.3
0.997212 -0.00650924 -0.0743398 -4.32892 0.00684218 0.999968 0.00422487 -3.12968 0.0743099 -0.00472173 0.997224 195.284
0.997147 -0.00677599 -0.0751772 -4.39744 0.00716867 0.999962 0.00495474 -3.14012 0.0751407 -0.00547953 0.997158 196.205
0.997006 -0.0064523 -0.0770603 -4.49076 0.00688049 0.999962 0.00529232 -3.15322 0.0770233 -0.00580669 0.997012 197.149
0.996907 -0.0067889 -0.0783016 -4.56035 0.00724455 0.999959 0.00553667 -3.16568 0.0782608 -0.00608681 0.996914 198.071
0.996798 -0.00710334 -0.0796452 -4.64028 0.00760774 0.999953 0.00603152 -3.17444 0.0795986 -0.00661812 0.996805 199.015
0.996648 -0.00724936 -0.0814862 -4.71623 0.0077984 0.999949 0.0064216 -3.18447 0.0814355 -0.00703554 0.996654 199.985
0.996512 -0.0064233 -0.0832036 -4.79804 0.00690554 0.999961 0.00550949 -3.20012 0.0831649 -0.00606484 0.996517 200.966
0.996463 -0.00795031 -0.0836569 -4.88989 0.00843432 0.99995 0.00543382 -3.21084 0.0836095 -0.0061202 0.99648 201.922
0.996254 -0.00734712 -0.0861622 -4.98057 0.0078222 0.999956 0.00517748 -3.22247 0.0861204 -0.00583206 0.996268 202.933
0.996364 -0.0071714 -0.0848999 -5.0898 0.00777824 0.999947 0.00681916 -3.23341 0.0848464 -0.00745473 0.996366 203.913
0.996283 -0.00810367 -0.0857621 -5.18523 0.00874891 0.999936 0.00715052 -3.24471 0.0856986 -0.00787426 0.99629 204.883
0.996195 -0.0079241 -0.086792 -5.27226 0.00858955 0.999937 0.00729634 -3.25681 0.0867287 -0.00801408 0.9962 205.833
0.996174 -0.00762625 -0.0870654 -5.35814 0.00825956 0.999942 0.00691605 -3.26757 0.0870076 -0.0076087 0.996179 206.789
0.996099 -0.00824353 -0.0878537 -5.44968 0.00880339 0.999943 0.00598711 -3.27895 0.0877994 -0.00673716 0.996116 207.786
0.996086 -0.00850266 -0.0879747 -5.53886 0.00899207 0.999946 0.00516835 -3.28976 0.087926 -0.0059392 0.996109 208.776
0.996059 -0.00797085 -0.0883326 -5.63403 0.0084621 0.999951 0.00518832 -3.30141 0.0882869 -0.00591536 0.996078 209.805
0.996187 -0.00835632 -0.0868386 -5.73113 0.00887296 0.999945 0.00556515 -3.31151 0.0867873 -0.00631445 0.996207 210.748
0.996241 -0.00828577 -0.0862277 -5.82115 0.00871156 0.999952 0.00456285 -3.32436 0.0861857 -0.00529688 0.996265 211.783
0.996246 -0.00880678 -0.0861207 -5.90467 0.00904124 0.999956 0.00233278 -3.33778 0.0860964 -0.00310266 0.996282 212.8
0.996231 -0.00940247 -0.0862339 -6.01272 0.00953888 0.999954 0.00116994 -3.35268 0.0862189 -0.00198811 0.996274 213.855
0.996463 -0.00973177 -0.0834701 -6.09736 0.0100755 0.999942 0.00369726 -3.36166 0.0834293 -0.00452518 0.996504 214.844
0.996553 -0.0103559 -0.0823106 -6.15942 0.0109793 0.999914 0.00712461 -3.37135 0.0822297 -0.00800376 0.996581 215.572
0.996692 -0.0119946 -0.0803803 -6.23455 0.0126848 0.999887 0.00808139 -3.37962 0.0802742 -0.00907426 0.996732 216.278
0.996752 -0.0124809 -0.0795627 -6.29758 0.0130674 0.999891 0.00685548 -3.38727 0.0794685 -0.00787289 0.996806 217.197
0.996895 -0.0133317 -0.0776054 -6.37326 0.0137652 0.999893 0.00505309 -3.39602 0.0775297 -0.00610565 0.996971 218.049
0.997012 -0.0127758 -0.0761843 -6.43325 0.0131213 0.999906 0.00403639 -3.40662 0.0761255 -0.00502397 0.997086 218.849
0.997124 -0.0137449 -0.074539 -6.49292 0.0139656 0.9999 0.00243984 -3.41501 0.074498 -0.00347381 0.997215 219.751
0.997238 -0.0138986 -0.072966 -6.5743 0.0140766 0.999899 0.0019257 -3.42958 0.0729319 -0.00294749 0.997333 220.627
0.997259 -0.0140724 -0.0726419 -6.64602 0.0142325 0.999897 0.00168639 -3.43814 0.0726107 -0.00271565 0.997357 221.535
0.997306 -0.0160167 -0.0715812 -6.70735 0.0162016 0.999867 0.00200287 -3.44582 0.0715396 -0.0031572 0.997433 222.44
0.997462 -0.0139672 -0.0698251 -6.78102 0.0141877 0.999896 0.00266308 -3.45824 0.0697806 -0.00364698 0.997556 223.364
0.997455 -0.0150989 -0.0696895 -6.8543 0.0154357 0.999872 0.00429639 -3.47098 0.0696156 -0.00536116 0.99756 224.537
0.99739 -0.0168266 -0.0702105 -6.90238 0.0171991 0.999841 0.00470508 -3.47789 0.0701202 -0.00590036 0.997521 225.359
0.997355 -0.0151899 -0.0710825 -6.96256 0.0155334 0.99987 0.0042819 -3.49019 0.0710083 -0.00537473 0.997461 226.297
0.997289 -0.0154749 -0.0719383 -7.02802 0.0157996 0.999867 0.00394572 -3.49747 0.0718677 -0.00507162 0.997401 227.299
0.997112 -0.0139172 -0.0746658 -7.11475 0.0142123 0.999893 0.00342186 -3.50985 0.0746102 -0.00447314 0.997203 228.314
0.997227 -0.0145167 -0.0729873 -7.18655 0.0148486 0.999882 0.00400653 -3.51797 0.0729205 -0.00507917 0.997325 229.29
0.997047 -0.014673 -0.0753835 -7.27428 0.0150086 0.99988 0.00388794 -3.52604 0.0753174 -0.00500786 0.997147 230.381
0.99709 -0.0125856 -0.0751956 -7.35364 0.0129207 0.999909 0.00397085 -3.5394 0.0751388 -0.00493088 0.997161 231.357
0.997164 -0.0133686 -0.074064 -7.43588 0.0136657 0.999901 0.00350665 -3.5499 0.0740097 -0.00450885 0.997247 232.448
0.99711 -0.0130628 -0.0748367 -7.54702 0.013334 0.999906 0.00312484 -3.56292 0.0747889 -0.00411368 0.997191 233.652
0.99719 -0.0125782 -0.0738452 -7.63973 0.0128639 0.999912 0.00339431 -3.57357 0.0737959 -0.00433471 0.997264 234.771
0.997004 -0.0151892 -0.0758487 -7.7371 0.0155502 0.99987 0.00417005 -3.58345 0.0757755 -0.00533702 0.997111 235.939
0.99702 -0.0128466 -0.0760693 -7.82245 0.0132173 0.999903 0.00437266 -3.59858 0.0760058 -0.00536507 0.997093 237.041
0.996986 -0.0143591 -0.0762472 -7.92477 0.0146974 0.999885 0.0038777 -3.60657 0.0761827 -0.00498665 0.997081 238.303
0.997005 -0.0141876 -0.0760293 -8.01765 0.0144293 0.999893 0.00262962 -3.62197 0.0759838 -0.00371879 0.997102 239.48
0.9969 -0.0137022 -0.0774814 -8.12707 0.0139087 0.999901 0.00212618 -3.63461 0.0774446 -0.00319725 0.996992 240.7
0.996829 -0.0144087 -0.0782552 -8.23203 0.0146129 0.999891 0.00203692 -3.64869 0.0782173 -0.00317399 0.996931 241.971
0.996725 -0.0143087 -0.0795918 -8.32477 0.0145399 0.999892 0.00232599 -3.66578 0.0795499 -0.00347563 0.996825 243.266
0.996576 -0.0145976 -0.0813855 -8.42363 0.0149453 0.999882 0.00366464 -3.678 0.0813223 -0.00486843 0.996676 244.474
0.996403 -0.016095 -0.0832017 -8.54083 0.0164767 0.999857 0.00390244 -3.69051 0.083127 -0.00525929 0.996525 245.729
0.996293 -0.0158388 -0.0845589 -8.65188 0.0162417 0.99986 0.00407839 -3.70437 0.0844824 -0.00543665 0.99641 246.969
0.996143 -0.0161284 -0.086251 -8.77134 0.0164566 0.99986 0.00309613 -3.7181 0.086189 -0.00450359 0.996269 248.289
0.995866 -0.0175514 -0.0891271 -8.89097 0.0179184 0.999834 0.00331904 -3.72894 0.0890541 -0.00490234 0.996015 249.6
0.995878 -0.0172666 -0.0890464 -9.0123 0.017665 0.999837 0.00368832 -3.74281 0.0889682 -0.00524612 0.996021 250.897
0.995794 -0.0177225 -0.0898924 -9.13662 0.0180103 0.999835 0.0023913 -3.76084 0.0898352 -0.00400023 0.995949 252.195
0.995595 -0.0169004 -0.0922207 -9.26417 0.017168 0.99985 0.0021093 -3.77062 0.0921713 -0.00368325 0.995736 253.48
0.995424 -0.0172514 -0.0939911 -9.38031 0.0175608 0.999843 0.00246532 -3.78772 0.0939338 -0.0041046 0.99557 254.721
0.99536 -0.018506 -0.0944281 -9.52104 0.0189676 0.999812 0.00399303 -3.80125 0.0943365 -0.00576557 0.995524 256.024
0.995173 -0.0175893 -0.0965454 -9.65395 0.0181893 0.99982 0.00533808 -3.82137 0.0964341 -0.00706841 0.995314 257.37
0.99494 -0.0191868 -0.0986251 -9.79453 0.0199739 0.999776 0.00699967 -3.82996 0.0984687 -0.00893418 0.9951 258.619
0.994928 -0.0166362 -0.0992044 -9.93889 0.0173774 0.999827 0.00661185 -3.8479 0.0990773 -0.00830222 0.995045 259.96
0.994682 -0.0168823 -0.101607 -10.1208 0.0175122 0.999833 0.00531121 -3.85367 0.1015 -0.00706233 0.994811 261.492
0.994766 -0.0188486 -0.100425 -10.2654 0.0193444 0.999805 0.00396523 -3.86224 0.10033 -0.00588713 0.994937 262.646
0.994878 -0.0160806 -0.0997939 -10.4164 0.0166457 0.99985 0.00483263 -3.87928 0.0997012 -0.00646902 0.994996 264.02
0.994891 -0.0172144 -0.0994731 -10.5466 0.017879 0.999823 0.00579311 -3.89391 0.0993558 -0.00754199 0.995023 265.21
0.995064 -0.0150556 -0.0980836 -10.7102 0.0157891 0.999853 0.00670574 -3.91184 0.0979682 -0.00822129 0.995156 266.705
0.99497 -0.0172515 -0.0986802 -10.829 0.0180979 0.999807 0.00768836 -3.92013 0.0985285 -0.0094356 0.99509 267.869
0.99506 -0.015939 -0.0979891 -10.9481 0.0168002 0.999827 0.00796963 -3.93269 0.0978452 -0.0095765 0.995156 269.156
0.994873 -0.0165856 -0.0997674 -11.0912 0.0175312 0.999809 0.00860833 -3.94631 0.0996055 -0.0103132 0.994974 270.605
0.994987 -0.0171243 -0.0985304 -11.231 0.0180038 0.999806 0.00804363 -3.96019 0.0983735 -0.00977723 0.995102 271.973
0.994932 -0.0170451 -0.0990925 -11.3723 0.0180563 0.999794 0.00931646 -3.97079 0.0989132 -0.0110585 0.995035 273.286
0.994701 -0.0181109 -0.101205 -11.512 0.0193677 0.999747 0.0114499 -3.98369 0.100972 -0.0133493 0.9948 274.66
0.99465 -0.0177285 -0.10177 -11.6514 0.0190362 0.999748 0.0118928 -3.99842 0.101533 -0.0137665 0.994737 275.989
0.994642 -0.0210397 -0.101218 -11.781 0.0224182 0.999671 0.0125008 -4.00405 0.100922 -0.014703 0.994786 277.367
0.994529 -0.0206734 -0.1024 -11.9268 0.022136 0.999668 0.0131668 -4.01407 0.102093 -0.0153615 0.994656 278.702
0.994526 -0.0216547 -0.102219 -12.0613 0.0231967 0.999634 0.0139207 -4.0235 0.10188 -0.0162156 0.994665 280.053
0.994451 -0.0218537 -0.10291 -12.1985 0.0232778 0.999649 0.0126579 -4.0382 0.102598 -0.0149832 0.99461 281.386
0.994612 -0.0208439 -0.101548 -12.3334 0.0221609 0.999684 0.0118582 -4.05011 0.101268 -0.0140447 0.99476 282.756
0.994331 -0.0237715 -0.103642 -12.4957 0.0250759 0.999622 0.0113012 -4.05662 0.103335 -0.0138361 0.99455 284.106
0.994334 -0.0222428 -0.103947 -12.6428 0.0235221 0.999662 0.0110967 -4.07318 0.103665 -0.0134789 0.994521 285.507
0.994179 -0.0223929 -0.105394 -12.7811 0.0237216 0.999654 0.0113696 -4.08381 0.105103 -0.0138035 0.994366 286.848
0.99423 -0.0215515 -0.105085 -12.9414 0.0228685 0.999674 0.0113438 -4.10506 0.104806 -0.0136815 0.994399 288.141
0.994359 -0.02042 -0.10408 -13.0939 0.0217645 0.999694 0.0117983 -4.11265 0.103807 -0.013997 0.994499 289.48
0.994248 -0.0218094 -0.104856 -13.2538 0.0230797 0.999674 0.0109171 -4.12813 0.104583 -0.0132743 0.994428 290.856
0.994132 -0.0194456 -0.106414 -13.3886 0.0207381 0.999724 0.0110525 -4.14323 0.10617 -0.0131945 0.994261 292.272
0.993981 -0.0222593 -0.107266 -13.5556 0.023655 0.999651 0.0117571 -4.15186 0.106967 -0.0142238 0.994161 293.582
0.994021 -0.0209477 -0.107161 -13.6898 0.0224295 0.999669 0.0126414 -4.17305 0.10686 -0.0149694 0.994161 294.956
0.993747 -0.0217716 -0.109509 -13.8636 0.0232924 0.999649 0.0126273 -4.18234 0.109196 -0.0150991 0.993906 296.286
0.993688 -0.0233379 -0.109722 -14.017 0.0249012 0.999607 0.0128993 -4.1885 0.109378 -0.0155501 0.993879 297.601
0.99342 -0.0241569 -0.111956 -14.1813 0.0256366 0.999602 0.0117956 -4.2006 0.111626 -0.0145881 0.993643 299.024
0.993738 -0.0227232 -0.109402 -14.3304 0.0240839 0.999648 0.0111314 -4.22019 0.10911 -0.0136965 0.993935 300.354
0.993704 -0.0226173 -0.10973 -14.4842 0.0241048 0.999634 0.0122486 -4.22997 0.109413 -0.0148165 0.993886 301.747
0.993643 -0.0230641 -0.110193 -14.6505 0.0247689 0.999593 0.0141267 -4.23959 0.109822 -0.0167663 0.99381 303.065
0.993783 -0.023042 -0.108922 -14.8225 0.0247023 0.999598 0.0139179 -4.25303 0.108557 -0.016522 0.993953 304.413
0.993758 -0.0234137 -0.109078 -14.9832 0.0250122 0.999599 0.0133093 -4.26125 0.108722 -0.0159545 0.993944 305.782
0.994046 -0.0220457 -0.106709 -15.1393 0.0234406 0.999655 0.0118351 -4.27546 0.106411 -0.014266 0.99422 307.08
0.994255 -0.0223726 -0.104675 -15.3008 0.0236359 0.999662 0.0108439 -4.28683 0.104397 -0.0132557 0.994447 308.399
0.994041 -0.0214002 -0.106889 -15.4319 0.0225847 0.999696 0.00988312 -4.30295 0.106645 -0.0122383 0.994222 309.707
0.993909 -0.0217916 -0.108029 -15.575 0.0229733 0.999689 0.00970646 -4.31974 0.107784 -0.0121291 0.9941 311.003
0.993862 -0.0218021 -0.10846 -15.7388 0.0230476 0.999682 0.0102436 -4.3377 0.108202 -0.0126804 0.994048 312.32
0.993887 -0.0221689 -0.108152 -15.8829 0.0235043 0.999662 0.0110882 -4.353 0.10787 -0.0135625 0.994073 313.608
0.993821 -0.0205403 -0.109082 -16.0294 0.0220511 0.999677 0.0126625 -4.36883 0.108786 -0.0149896 0.993952 314.893
0.993898 -0.0230362 -0.107869 -16.1899 0.0247394 0.999589 0.0144779 -4.37926 0.107491 -0.0170582 0.99406 316.24
0.993742 -0.0231113 -0.109283 -16.3146 0.0248512 0.999585 0.0145863 -4.39398 0.1089 -0.0172109 0.993904 317.464
0.993821 -0.0226843 -0.108649 -16.4592 0.0243111 0.999611 0.0136719 -4.40522 0.108296 -0.0162288 0.993986 318.681
0.993939 -0.0236842 -0.107355 -16.6186 0.025121 0.999612 0.012051 -4.41695 0.107028 -0.0146748 0.994148 320.031
0.993643 -0.0248195 -0.109809 -16.7771 0.0262502 0.999588 0.0116028 -4.42973 0.109476 -0.0144116 0.993885 321.312
0.993794 -0.0295598 -0.107238 -16.9442 0.0309204 0.999461 0.0110465 -4.44202 0.106853 -0.0142938 0.994172 322.577
0.993659 -0.0319171 -0.107812 -17.0869 0.0332494 0.999391 0.0105819 -4.45104 0.107408 -0.0140995 0.994115 323.83
0.993814 -0.0327747 -0.106113 -17.2461 0.0340536 0.999367 0.0102626 -4.47063 0.10571 -0.0138126 0.994301 325.204
0.993787 -0.0325859 -0.106422 -17.3863 0.0340959 0.999342 0.0123997 -4.48768 0.105948 -0.0159513 0.994244 326.502
0.99336 -0.0316507 -0.110611 -17.5275 0.0334584 0.999335 0.0145254 -4.49397 0.110077 -0.0181298 0.993758 327.698
0.993391 -0.0293294 -0.110972 -17.6529 0.0311497 0.999407 0.0147047 -4.51086 0.110475 -0.0180643 0.993715 328.899
0.993339 -0.0290611 -0.111502 -17.8137 0.0310705 0.999384 0.0163261 -4.51545 0.110959 -0.0196818 0.99363 330.193
0.993297 -0.0319294 -0.111091 -17.9478 0.0339191 0.999295 0.0160669 -4.52506 0.110499 -0.0197273 0.993681 331.381
0.993108 -0.0319793 -0.112757 -18.0785 0.0338926 0.999312 0.0150921 -4.53665 0.112197 -0.0188097 0.993508 332.598
0.992829 -0.0334548 -0.114771 -18.2057 0.0353889 0.999263 0.0148556 -4.54487 0.11419 -0.0188107 0.993281 333.867
0.992704 -0.0342381 -0.115616 -18.3328 0.0363223 0.999213 0.0159674 -4.54879 0.114978 -0.0200503 0.993166 335.042
0.99279 -0.0333437 -0.115136 -18.4736 0.0354384 0.999241 0.0161944 -4.56488 0.114509 -0.0201579 0.993218 336.12
0.992605 -0.0336936 -0.116617 -18.601 0.035823 0.999227 0.0162116 -4.57085 0.115981 -0.0202693 0.993045 337.392
0.992424 -0.034281 -0.117982 -18.7547 0.0364044 0.999211 0.0158891 -4.57887 0.117344 -0.0200638 0.992889 338.591
0.992316 -0.034263 -0.118889 -18.8954 0.036222 0.999241 0.0143555 -4.58758 0.118307 -0.0185516 0.992804 339.811
0.992309 -0.034478 -0.118889 -19.0207 0.0363665 0.999244 0.0137514 -4.60097 0.118325 -0.0179692 0.992812 340.93
0.991905 -0.0353891 -0.121955 -19.1367 0.0373234 0.999211 0.0136123 -4.60549 0.121377 -0.0180539 0.992442 341.948
0.9919 -0.0365302 -0.121653 -19.2798 0.0385334 0.999157 0.0141542 -4.61333 0.121034 -0.0187273 0.992472 342.968
0.992019 -0.0354554 -0.121 -19.4065 0.0375223 0.999186 0.0148463 -4.62175 0.120375 -0.019268 0.992541 344.012
0.991858 -0.0346656 -0.122537 -19.5445 0.0367891 0.999209 0.0151094 -4.63225 0.121916 -0.0194944 0.992349 345.147
0.991844 -0.0348892 -0.12259 -19.6889 0.0370583 0.999194 0.0154579 -4.64505 0.121952 -0.0198748 0.992337 346.269
0.991679 -0.0336714 -0.124252 -19.8125 0.0358332 0.999242 0.0152045 -4.65634 0.123646 -0.0195303 0.992134 347.38
0.991562 -0.0335684 -0.12521 -19.9385 0.0358054 0.999236 0.0156582 -4.66301 0.124589 -0.0200093 0.992007 348.436
0.991586 -0.0324683 -0.125315 -20.073 0.0347421 0.999268 0.0160018 -4.67363 0.124704 -0.0202209 0.991988 349.456
0.99158 -0.032537 -0.125338 -20.1919 0.0347529 0.999275 0.0155325 -4.6813 0.124741 -0.0197576 0.991993 350.46
0.991507 -0.0328108 -0.125848 -20.3286 0.0349408 0.999281 0.0147552 -4.69105 0.125273 -0.0190271 0.99194 351.497
0.99141 -0.0329943 -0.126564 -20.4577 0.035026 0.99929 0.0138601 -4.70023 0.126017 -0.018174 0.991862 352.487
0.991539 -0.0325936 -0.12565 -20.5881 0.0345026 0.999319 0.0130455 -4.71002 0.12514 -0.0172704 0.991989 353.482
0.991464 -0.0339887 -0.12587 -20.7157 0.0358931 0.999273 0.0128924 -4.71906 0.125341 -0.0173002 0.991963 354.501
0.991372 -0.033398 -0.126755 -20.8454 0.0354498 0.999274 0.013966 -4.72491 0.126197 -0.0183389 0.991836 355.514
0.9913 -0.0335168 -0.127283 -20.9696 0.0356346 0.999261 0.0143973 -4.73405 0.126707 -0.0188077 0.991762 356.495
0.991262 -0.0341901 -0.127402 -21.1045 0.0362721 0.999243 0.0140572 -4.74145 0.126824 -0.0185554 0.991752 357.508
0.991053 -0.0355683 -0.128647 -21.2382 0.0376216 0.9992 0.0135647 -4.74945 0.128062 -0.0182832 0.991598 358.461
0.991078 -0.0348425 -0.128652 -21.3597 0.0368417 0.999234 0.0131915 -4.75933 0.128093 -0.0178136 0.991602 359.403
0.990867 -0.0342585 -0.130417 -21.5024 0.0362439 0.99926 0.0128797 -4.76801 0.12988 -0.0174889 0.991376 360.438
0.990713 -0.0342795 -0.13158 -21.627 0.0362596 0.999262 0.0126823 -4.77995 0.131049 -0.0173356 0.991224 361.395
0.99068 -0.0332667 -0.132086 -21.7634 0.0352402 0.999299 0.0126313 -4.78812 0.131573 -0.0171683 0.991158 362.359
0.99052 -0.0328811 -0.133375 -21.9097 0.0348597 0.999314 0.0125265 -4.7985 0.132872 -0.0170572 0.990987 363.375
0.990252 -0.03243 -0.135458 -22.0538 0.0344915 0.999322 0.0128988 -4.80851 0.134948 -0.0174452 0.990699 364.353
0.990104 -0.032429 -0.136534 -22.2076 0.0344923 0.999323 0.0127724 -4.81765 0.136027 -0.0173554 0.990553 365.45
0.989954 -0.0327358 -0.137547 -22.3502 0.0347975 0.999315 0.0126107 -4.82776 0.13704 -0.0172703 0.990415 366.402
0.989926 -0.0329751 -0.137695 -22.4993 0.0350691 0.999303 0.0128086 -4.83794 0.137176 -0.0175084 0.990392 367.337
0.989884 -0.0328682 -0.13802 -22.6409 0.0350938 0.99929 0.0137227 -4.848 0.137471 -0.0184276 0.990334 368.356
0.989686 -0.0345297 -0.139027 -22.7921 0.036848 0.999221 0.014135 -4.85756 0.138431 -0.0191121 0.990188 369.364
0.98977 -0.0343007 -0.138489 -22.9278 0.0367135 0.999215 0.0149053 -4.86622 0.137869 -0.0198372 0.990252 370.278
0.989911 -0.0345547 -0.137415 -23.0551 0.036909 0.999212 0.0146212 -4.87424 0.136801 -0.0195455 0.990406 371.081
0.989648 -0.0347248 -0.139249 -23.1787 0.0370771 0.99921 0.0143335 -4.88394 0.138641 -0.0193481 0.990154 372.007
0.98987 -0.0343094 -0.137768 -23.3102 0.0364683 0.999248 0.0131761 -4.89603 0.137213 -0.0180668 0.990377 372.974
0.989651 -0.0346153 -0.139255 -23.4478 0.0367221 0.999246 0.0125879 -4.90318 0.138715 -0.0175714 0.990176 373.9
0.989395 -0.0351596 -0.140932 -23.5843 0.0372773 0.999228 0.0124137 -4.9153 0.140387 -0.0175356 0.989941 374.783
0.989329 -0.0342474 -0.141615 -23.7125 0.036478 0.999247 0.0131841 -4.92197 0.141057 -0.0182093 0.989834 375.717
0.98934 -0.0345241 -0.141475 -23.8511 0.0367874 0.999233 0.0134128 -4.9297 0.140904 -0.0184743 0.989851 376.647
0.989241 -0.0337585 -0.142351 -23.9839 0.0359912 0.999266 0.0131384 -4.93594 0.141803 -0.0181204 0.989729 377.534
0.989314 -0.0329948 -0.142017 -24.1219 0.035186 0.999297 0.0129447 -4.94483 0.14149 -0.0178033 0.98978 378.44
0.989276 -0.0322569 -0.142456 -24.2516 0.0343748 0.999332 0.0124305 -4.951 0.141959 -0.017194 0.989723 379.273
0.989251 -0.0317305 -0.142743 -24.3871 0.0338537 0.999349 0.0124703 -4.96154 0.142254 -0.0171686 0.989681 380.174
0.98931 -0.0308243 -0.142531 -24.5314 0.0331197 0.999357 0.0137597 -4.96683 0.142015 -0.0183332 0.989695 381.08
0.989427 -0.0307228 -0.141743 -24.644 0.0331644 0.999339 0.0148946 -4.97647 0.141192 -0.019438 0.989791 381.876
0.989547 -0.0300442 -0.141044 -24.7813 0.0325993 0.999343 0.0158394 -4.98483 0.140476 -0.0202718 0.989877 382.722
0.989546 -0.0290195 -0.141271 -24.8864 0.0315741 0.999375 0.0158754 -4.99379 0.140722 -0.0201699 0.989844 383.544
0.989598 -0.0290145 -0.140905 -25.0073 0.0315465 0.999378 0.0157687 -5.00174 0.140359 -0.0200498 0.989898 384.339
0.989714 -0.0284166 -0.140209 -25.1542 0.0308326 0.999411 0.0150892 -5.00636 0.139698 -0.019257 0.990007 385.203
0.989708 -0.028099 -0.140316 -25.2742 0.030299 0.999449 0.0135672 -5.01401 0.139857 -0.017679 0.990014 385.983
0.989755 -0.0278015 -0.140043 -25.3832 0.0298212 0.999479 0.0123444 -5.02352 0.139627 -0.0163942 0.990068 386.754
0.9898 -0.0270932 -0.139867 -25.5021 0.029069 0.999504 0.0121024 -5.03206 0.13947 -0.0160448 0.990096 387.564
0.989847 -0.0279465 -0.139362 -25.6145 0.0299575 0.999475 0.0123532 -5.0403 0.138944 -0.0164027 0.990164 388.35
0.989755 -0.0277065 -0.140062 -25.7306 0.0298239 0.99947 0.0130406 -5.04411 0.139626 -0.0170842 0.990057 389.104
0.989783 -0.0278935 -0.139829 -25.8401 0.0300484 0.99946 0.0133227 -5.05374 0.139381 -0.0173882 0.990086 389.869
0.989776 -0.0275434 -0.139949 -25.9524 0.0295869 0.999484 0.0125419 -5.06139 0.139531 -0.0165543 0.990079 390.697
0.989596 -0.028185 -0.141089 -26.071 0.0302605 0.999463 0.0125864 -5.06904 0.140659 -0.0167249 0.989917 391.458
0.989582 -0.0281795 -0.141183 -26.1849 0.0303433 0.999453 0.0131964 -5.07481 0.140734 -0.0173429 0.989895 392.209
0.98948 -0.0282196 -0.141892 -26.3014 0.0305022 0.999438 0.0139373 -5.08058 0.141419 -0.0181187 0.989784 393.004
0.989487 -0.027864 -0.141913 -26.4137 0.0300862 0.999456 0.0135374 -5.09003 0.141458 -0.0176647 0.989787 393.789
0.989464 -0.0281506 -0.14202 -26.5407 0.0303553 0.99945 0.0133806 -5.09495 0.141565 -0.0175506 0.989773 394.571
0.989418 -0.0285735 -0.142256 -26.6585 0.0308613 0.999427 0.0139019 -5.10155 0.141778 -0.018145 0.989732 395.374
0.98925 -0.0278605 -0.143556 -26.7721 0.0302759 0.999434 0.0146678 -5.1065 0.143066 -0.0188565 0.989534 396.193
0.989263 -0.0282165 -0.143395 -26.8954 0.0305922 0.999428 0.0143897 -5.11701 0.142907 -0.018622 0.989561 397.016
0.989136 -0.0280872 -0.144298 -27.0196 0.0305103 0.999428 0.0146068 -5.12224 0.143805 -0.0188506 0.989427 397.846
0.989216 -0.0277446 -0.143811 -27.1415 0.030153 0.999439 0.0145938 -5.12835 0.143326 -0.0187727 0.989498 398.691
0.989395 -0.0288154 -0.142361 -27.2643 0.0312544 0.9994 0.0149254 -5.13304 0.141846 -0.0192165 0.989702 399.462
0.989429 -0.0290965 -0.142069 -27.3899 0.0316553 0.999374 0.0157839 -5.14115 0.14152 -0.0201142 0.989731 400.306
0.989495 -0.0308037 -0.141251 -27.5137 0.0334823 0.999301 0.0166259 -5.14203 0.14064 -0.0211806 0.989834 401.121
0.989431 -0.0323469 -0.141352 -27.6234 0.0350387 0.999248 0.0165954 -5.15071 0.140709 -0.0213728 0.98982 401.957
0.989491 -0.0345016 -0.140415 -27.7527 0.037168 0.999174 0.0164107 -5.15147 0.139733 -0.0214572 0.989957 402.772
0.98951 -0.0357281 -0.139981 -27.8718 0.0382771 0.999146 0.0155587 -5.15677 0.139305 -0.0207535 0.990032 403.614
0.989686 -0.0369412 -0.138409 -27.985 0.0394222 0.999107 0.0152261 -5.15676 0.137723 -0.0205254 0.990258 404.446
0.989832 -0.0405447 -0.136338 -28.1164 0.0429681 0.998966 0.0148783 -5.16263 0.135594 -0.0205852 0.990551 405.298
0.990025 -0.0408846 -0.134831 -28.2185 0.0432084 0.998963 0.0143529 -5.16664 0.134104 -0.0200356 0.990765 406.134
0.990355 -0.0436472 -0.131498 -28.3277 0.0458791 0.998849 0.0139894 -5.17022 0.130736 -0.0198875 0.991218 406.977
0.990553 -0.0459553 -0.129205 -28.4452 0.0481163 0.998748 0.0136519 -5.17296 0.128416 -0.0197397 0.991524 407.84
0.990809 -0.0485751 -0.126248 -28.5403 0.0506572 0.998627 0.0133325 -5.18152 0.125427 -0.0196053 0.991909 408.693
0.991096 -0.0509909 -0.122998 -28.6504 0.0529899 0.99851 0.0130344 -5.18284 0.12215 -0.019436 0.992321 409.562
0.991395 -0.0526796 -0.119842 -28.7534 0.0547043 0.998409 0.0136656 -5.18637 0.118931 -0.0201039 0.992699 410.426
0.991659 -0.0553357 -0.116405 -28.8529 0.0573662 0.998253 0.014163 -5.18822 0.115418 -0.0207226 0.993101 411.291
0.991781 -0.0578163 -0.114143 -28.9513 0.0597408 0.998123 0.0135092 -5.19382 0.113147 -0.0202172 0.993373 412.203
0.992057 -0.0605756 -0.110244 -29.0438 0.0623555 0.997972 0.0127674 -5.19689 0.109247 -0.0195403 0.993823 413.067
0.992333 -0.0620147 -0.106907 -29.1418 0.063809 0.997872 0.0134423 -5.19985 0.105846 -0.0201609 0.994178 413.973
0.992657 -0.0631499 -0.103167 -29.2328 0.064999 0.997778 0.0146581 -5.20034 0.102012 -0.0212563 0.994556 414.869
0.993017 -0.0655424 -0.0980949 -29.335 0.0673051 0.997623 0.0147651 -5.20453 0.096894 -0.0212642 0.995068 415.762
0.993157 -0.0652283 -0.0968775 -29.4002 0.0668062 0.99768 0.0131308 -5.20795 0.0957962 -0.019513 0.99521 416.586
0.993381 -0.0651421 -0.0946067 -29.4457 0.0665803 0.997708 0.0121223 -5.20769 0.0936001 -0.018341 0.995441 417.203
0.993654 -0.0667773 -0.0905102 -29.5157 0.0680616 0.997619 0.0111747 -5.20855 0.0895485 -0.017264 0.995833 418.014
0.993944 -0.0673811 -0.086807 -29.5789 0.0685954 0.997583 0.0110787 -5.20968 0.0858507 -0.0169662 0.996164 418.857
0.994156 -0.0680314 -0.0838153 -29.6334 0.0692327 0.997534 0.0115071 -5.21333 0.0828258 -0.0172426 0.996415 419.657
0.994362 -0.0697934 -0.0798392 -29.6829 0.070956 0.99741 0.0118149 -5.21523 0.0788077 -0.0174133 0.996738 420.457
0.994547 -0.0721841 -0.0752681 -29.7338 0.0733419 0.997226 0.0127305 -5.21912 0.0741404 -0.0181814 0.997082 421.349
0.994612 -0.0751142 -0.0714555 -29.8047 0.0762649 0.996996 0.013511 -5.21798 0.070226 -0.0188878 0.997352 422.4
0.994753 -0.0781066 -0.0660786 -29.8489 0.0792097 0.996756 0.014239 -5.21998 0.0647521 -0.0193984 0.997713 423.281
0.994851 -0.0801324 -0.0620458 -29.9028 0.0812146 0.996582 0.0151163 -5.21746 0.0606224 -0.0200775 0.997959 424.187
0.995081 -0.0820004 -0.0555909 -29.9283 0.0829933 0.996425 0.0157912 -5.21823 0.0540972 -0.0203272 0.998329 425.13
0.995394 -0.0828582 -0.0482249 -29.97 0.0837128 0.996362 0.0159768 -5.2165 0.0467257 -0.0199402 0.998709 426.095
0.995568 -0.0840786 -0.0421267 -29.9972 0.0848484 0.996252 0.0168299 -5.21413 0.0405537 -0.0203297 0.998971 427.073
0.995713 -0.0859336 -0.0342341 -30.0279 0.0866111 0.996064 0.0188237 -5.20797 0.0324818 -0.021708 0.999237 428.103
0.99595 -0.0859399 -0.0264244 -30.0385 0.0864596 0.99607 0.0191967 -5.20405 0.0246708 -0.0214036 0.999466 429.174
0.996127 -0.0861006 -0.0178528 -30.0515 0.0864326 0.996082 0.0187381 -5.20069 0.0161695 -0.0202086 0.999665 430.197
0.996494 -0.0831506 -0.00923775 -30.0483 0.083309 0.996355 0.0183523 -5.19266 0.00767807 -0.0190575 0.999789 431.282
0.996526 -0.0832784 0.00112864 -30.0423 0.083242 0.996348 0.0190065 -5.18501 -0.00270735 -0.0188465 0.999819 432.355
0.996522 -0.0825875 0.0111499 -30.0182 0.0823659 0.99642 0.0190477 -5.17859 -0.0126831 -0.0180631 0.999757 433.427
0.996253 -0.0837418 0.021618 -29.9909 0.0833463 0.996347 0.0185886 -5.17098 -0.0230957 -0.0167172 0.999593 434.525
0.995769 -0.0858276 0.0328417 -29.9365 0.0852834 0.996201 0.0176283 -5.17094 -0.0342299 -0.0147528 0.999305 435.571
0.99515 -0.088482 0.0429861 -29.8697 0.087729 0.995961 0.0191019 -5.16429 -0.0445027 -0.0152381 0.998893 436.602
0.994328 -0.0921607 0.0530932 -29.7753 0.0912065 0.995629 0.0201274 -5.15191 -0.054716 -0.0151708 0.998387 437.755
0.993282 -0.0961444 0.0643939 -29.6712 0.0949793 0.995259 0.0209236 -5.14828 -0.0661003 -0.014667 0.997705 438.903
0.992259 -0.0990793 0.0748748 -29.5509 0.097656 0.994967 0.0224457 -5.13763 -0.0767218 -0.01496 0.99694 440.104
0.991306 -0.100568 0.0848423 -29.3939 0.098807 0.9948 0.0247122 -5.12366 -0.0868864 -0.0161144 0.996088 441.318
0.989744 -0.104246 0.0976765 -29.2551 0.10222 0.994434 0.0255361 -5.10599 -0.0997949 -0.0152897 0.994891 442.409
0.988571 -0.103212 0.109884 -29.0679 0.101271 0.99459 0.0231208 -5.09726 -0.111675 -0.0117285 0.993676 443.567
0.986787 -0.104779 0.123584 -28.8952 0.102637 0.994439 0.0235932 -5.08133 -0.125369 -0.0105972 0.992054 444.787
0.985106 -0.105881 0.135483 -28.685 0.103291 0.994311 0.0260237 -5.06768 -0.137467 -0.0116419 0.990438 445.962
0.983013 -0.107803 0.148543 -28.4506 0.104579 0.994083 0.0293692 -5.04987 -0.15083 -0.0133358 0.98847 447.2
0.9811 -0.108614 0.160146 -28.1923 0.104818 0.993977 0.0319876 -5.03284 -0.162655 -0.0145969 0.986575 448.568
0.97872 -0.109539 0.173519 -27.9398 0.105052 0.993856 0.0348626 -5.0024 -0.176272 -0.0158923 0.984213 449.84
0.976185 -0.110373 0.186763 -27.6626 0.105048 0.993733 0.0382029 -4.97377 -0.189809 -0.0176739 0.981662 451.209
0.973504 -0.110913 0.199969 -27.3771 0.104769 0.993648 0.0410818 -4.93945 -0.203255 -0.0190427 0.978941 452.539
0.970577 -0.111185 0.213585 -27.0704 0.104532 0.993625 0.0422303 -4.90474 -0.216918 -0.0186614 0.976011 453.93
0.967341 -0.110389 0.228178 -26.7394 0.10334 0.993731 0.0426487 -4.86563 -0.231456 -0.0176758 0.972685 455.353
0.963926 -0.110451 0.242172 -26.4064 0.103041 0.993743 0.0430953 -4.82697 -0.245417 -0.0165871 0.969276 456.735
0.960162 -0.110707 0.256581 -26.0365 0.102683 0.993718 0.044507 -4.78877 -0.259897 -0.0163874 0.965497 458.147
0.955178 -0.113519 0.273403 -25.6586 0.105008 0.993425 0.0456177 -4.75265 -0.276784 -0.0148636 0.960817 459.945
0.95101 -0.114006 0.287371 -25.2667 0.104719 0.993365 0.0475385 -4.71047 -0.290884 -0.0151166 0.956639 461.337
0.945971 -0.114801 0.30325 -24.8347 0.104648 0.993273 0.0495757 -4.66646 -0.306901 -0.0151625 0.951621 462.778
0.941256 -0.114526 0.317681 -24.3529 0.103703 0.993308 0.0508326 -4.6216 -0.321377 -0.0149018 0.946834 464.189
0.936323 -0.116726 0.331173 -23.91 0.105547 0.993074 0.0516104 -4.57567 -0.334903 -0.0133697 0.942158 465.58
0.930809 -0.116766 0.346354 -23.3948 0.10539 0.993093 0.0515692 -4.52639 -0.349983 -0.0114988 0.936686 467.039
0.925441 -0.117738 0.360135 -22.8952 0.106273 0.993 0.051548 -4.48161 -0.363683 -0.00943188 0.931475 468.351
0.920322 -0.118365 0.372824 -22.3549 0.106607 0.992936 0.0520807 -4.43935 -0.376355 -0.00818552 0.92644 469.696
0.915223 -0.118289 0.385194 -21.7863 0.106085 0.992951 0.0528665 -4.38747 -0.388733 -0.00752121 0.92132 471.094
0.909458 -0.118632 0.398513 -21.2285 0.105876 0.992915 0.0539542 -4.346 -0.40209 -0.00687617 0.915574 472.403
0.904107 -0.11762 0.410799 -20.6275 0.10424 0.993035 0.0549086 -4.29288 -0.414396 -0.00682145 0.910071 473.769
0.897972 -0.116546 0.42434 -19.9975 0.102328 0.99316 0.0562303 -4.23789 -0.427991 -0.00707137 0.903756 475.141
0.892432 -0.116461 0.435892 -19.3807 0.101464 0.993169 0.05762 -4.18473 -0.439625 -0.00719468 0.898153 476.415
0.88644 -0.1174 0.447707 -18.7273 0.101373 0.993056 0.0596913 -4.1298 -0.451606 -0.00752748 0.892186 477.766
0.880681 -0.119072 0.4585 -18.0416 0.102116 0.992857 0.0617005 -4.06616 -0.462572 -0.0075183 0.88655 479.119
0.874103 -0.119162 0.470898 -17.3679 0.101344 0.992847 0.0631234 -4.01143 -0.475051 -0.0074538 0.879927 480.386
0.867477 -0.118596 0.483135 -16.6354 0.0999582 0.992915 0.0642557 -3.94149 -0.487332 -0.00744705 0.873185 481.751
0.861199 -0.118634 0.494228 -15.9402 0.0998186 0.992919 0.064404 -3.88299 -0.498369 -0.00613147 0.866943 482.99
0.854459 -0.116374 0.506318 -15.1432 0.0964844 0.99318 0.0654499 -3.81317 -0.510481 -0.00707251 0.85986 484.348
0.848026 -0.115502 0.517216 -14.3944 0.0949515 0.993283 0.0661322 -3.74251 -0.52138 -0.00697136 0.853296 485.64
0.841366 -0.111944 0.528745 -13.6433 0.0905896 0.993684 0.0662286 -3.68009 -0.532819 -0.00782374 0.846193 486.864
0.834335 -0.110644 0.540041 -12.8506 0.0886052 0.993829 0.0667258 -3.61346 -0.544091 -0.00782122 0.83899 488.145
0.827503 -0.109572 0.550667 -12.0697 0.0868683 0.993948 0.0672363 -3.54739 -0.554701 -0.00780276 0.832013 489.341
0.820403 -0.109454 0.561212 -11.2896 0.0859666 0.993962 0.0681843 -3.48436 -0.565287 -0.00769311 0.824859 490.496
0.814063 -0.108929 0.57047 -10.4155 0.0838692 0.994007 0.0701192 -3.40958 -0.574689 -0.00923654 0.81832 491.769
0.807909 -0.110707 0.578815 -9.55681 0.0841686 0.993804 0.0725975 -3.33601 -0.583266 -0.00993405 0.812221 493.034
0.802453 -0.108869 0.5867 -8.68638 0.0797434 0.993962 0.0753726 -3.25999 -0.591363 -0.0136976 0.806289 494.242
0.798787 -0.108054 0.591831 -7.83255 0.0781757 0.994041 0.0759748 -3.17786 -0.596514 -0.0144208 0.802474 495.396
0.794473 -0.106604 0.59787 -6.94407 0.0761787 0.994191 0.0760411 -3.10368 -0.602503 -0.0148676 0.797978 496.604
0.791806 -0.10536 0.601617 -6.06654 0.0746035 0.994317 0.0759452 -3.02121 -0.606199 -0.0152511 0.795167 497.795
0.78836 -0.103684 0.606415 -5.15473 0.0727629 0.994492 0.0754427 -2.93967 -0.610896 -0.0153515 0.791562 499.025
0.786018 -0.100264 0.610019 -4.30712 0.0694945 0.994836 0.0739691 -2.86756 -0.614285 -0.0157481 0.788927 500.11
0.782838 -0.0990655 0.614289 -3.38774 0.0684557 0.994964 0.0732178 -2.78767 -0.618449 -0.015266 0.785677 501.316
0.781828 -0.0996724 0.615477 -2.49483 0.0690733 0.994909 0.0733766 -2.70968 -0.619657 -0.0148548 0.784732 502.492
0.779748 -0.0979153 0.61839 -1.58449 0.0678393 0.995093 0.0720214 -2.6404 -0.622408 -0.0142073 0.782564 503.656
0.779707 -0.0949573 0.618903 -0.667529 0.0648303 0.995364 0.0710426 -2.56098 -0.622779 -0.0152688 0.782249 504.802
0.77881 -0.0951479 0.620002 0.222919 0.0644498 0.995335 0.07179 -2.49308 -0.62394 -0.0159517 0.781309 505.968
0.779469 -0.0933745 0.619443 1.13321 0.0612631 0.995451 0.072964 -2.41059 -0.623438 -0.0189242 0.781644 507.13
0.778727 -0.0917767 0.620614 2.04795 0.0584476 0.995553 0.0738847 -2.34138 -0.624635 -0.0212626 0.780628 508.298
0.77904 -0.0912736 0.620296 2.96502 0.0570461 0.995562 0.0748471 -2.26004 -0.624374 -0.0229234 0.780789 509.47
0.779523 -0.0904024 0.619816 3.85609 0.0555835 0.99561 0.0753078 -2.18421 -0.623903 -0.0242527 0.781126 510.611
0.779722 -0.0885315 0.619835 4.76646 0.0533259 0.995746 0.0751418 -2.10371 -0.623851 -0.0255364 0.781126 511.759
0.781114 -0.0887552 0.618049 5.66823 0.053762 0.99573 0.0750458 -2.02725 -0.62207 -0.0253917 0.78255 512.939
0.783044 -0.0861362 0.615973 6.57218 0.0506791 0.995907 0.0748405 -1.94791 -0.619898 -0.0273864 0.784204 514.096
0.785734 -0.085035 0.612691 7.44843 0.049729 0.995983 0.0744578 -1.87393 -0.616562 -0.0280355 0.786807 515.221
0.788009 -0.0837317 0.609944 8.33714 0.0478277 0.99604 0.0749438 -1.7966 -0.613803 -0.0298841 0.788893 516.392
0.790889 -0.0841728 0.606143 9.21475 0.0479799 0.995975 0.0757036 -1.71884 -0.610076 -0.0307904 0.791744 517.559
0.794706 -0.0837855 0.601184 10.0857 0.0469744 0.995947 0.076707 -1.64003 -0.605174 -0.0327192 0.79542 518.718
0.799326 -0.0831681 0.595115 10.9442 0.046822 0.995985 0.0763014 -1.56402 -0.599071 -0.0331251 0.80001 519.867
0.804136 -0.079803 0.589064 11.8244 0.0445122 0.996249 0.0742022 -1.48534 -0.592776 -0.0334481 0.804672 521.096
0.80963 -0.0779137 0.581746 12.6298 0.04281 0.996349 0.0738621 -1.41041 -0.585377 -0.0348965 0.81001 522.212
0.814375 -0.0781213 0.575058 13.4735 0.0423357 0.996255 0.0753865 -1.33165 -0.578794 -0.0370473 0.814632 523.42
0.819809 -0.0790501 0.567154 14.2915 0.0426051 0.996101 0.077252 -1.25031 -0.57105 -0.0391683 0.819981 524.64
0.825216 -0.0768182 0.559569 15.1022 0.0409298 0.996237 0.0764038 -1.17354 -0.563332 -0.0401466 0.825255 525.839
0.830922 -0.0742063 0.551418 15.9041 0.039569 0.996438 0.0744685 -1.09454 -0.55498 -0.0400585 0.830899 527.049
0.836947 -0.0717562 0.542559 16.6863 0.0374357 0.996552 0.074051 -1.0175 -0.546001 -0.0416657 0.836748 528.283
0.84265 -0.0692219 0.533995 17.4368 0.0353583 0.996675 0.0734034 -0.942854 -0.5373 -0.0429722 0.842296 529.479
0.849804 -0.0655423 0.523008 18.2244 0.0318214 0.996809 0.0732134 -0.865919 -0.526138 -0.0455742 0.849177 530.759
0.855314 -0.0639664 0.514145 18.9375 0.0307035 0.996863 0.0729454 -0.795852 -0.517199 -0.0466052 0.854596 531.968
0.862136 -0.0622668 0.502837 19.6463 0.0295837 0.996913 0.0727261 -0.724337 -0.505813 -0.047824 0.861316 533.188
0.868579 -0.0613653 0.491737 20.3711 0.0296162 0.996958 0.0721008 -0.647076 -0.494665 -0.0480618 0.867754 534.483
0.875496 -0.060512 0.479422 21.0537 0.029679 0.996989 0.0716404 -0.575478 -0.482313 -0.0484922 0.874656 535.73
0.88204 -0.0593359 0.467423 21.7051 0.0297764 0.997076 0.0703824 -0.510717 -0.470233 -0.0481619 0.881227 536.992
0.889087 -0.0563594 0.454255 22.3763 0.0274338 0.997168 0.0700239 -0.438014 -0.456915 -0.0497954 0.888115 538.291
0.895843 -0.056074 0.440819 22.985 0.0278368 0.99714 0.0702696 -0.370503 -0.443499 -0.0506795 0.894841 539.573
0.902367 -0.0524014 0.427771 23.6114 0.0252648 0.997306 0.0688735 -0.302967 -0.430228 -0.0513416 0.901259 540.887
0.908628 -0.050209 0.414577 24.2065 0.0239111 0.997373 0.0683848 -0.235974 -0.416921 -0.0522234 0.907441 542.214
0.91491 -0.0480007 0.400794 24.7788 0.0223821 0.99741 0.0683611 -0.166936 -0.403037 -0.0535736 0.913614 543.534
0.920813 -0.0455545 0.387335 25.3389 0.0209261 0.997495 0.0675677 -0.103491 -0.389443 -0.0541118 0.91946 544.872
0.92623 -0.0417615 0.374638 25.8556 0.0181721 0.997636 0.0662805 -0.0377492 -0.376521 -0.0545831 0.924799 546.197
0.931698 -0.0403044 0.360991 26.3797 0.0179032 0.997712 0.0651868 0.0236373 -0.362792 -0.0542715 0.930288 547.516
0.93708 -0.0376897 0.347075 26.8668 0.0163488 0.997802 0.064213 0.087238 -0.348732 -0.0544984 0.935637 548.853
0.942374 -0.0373092 0.332475 27.337 0.0170954 0.997834 0.0635179 0.146508 -0.334125 -0.0541738 0.940971 550.199
0.947456 -0.0358591 0.317869 27.7884 0.0171819 0.997967 0.0613681 0.202761 -0.319424 -0.052682 0.946147 551.564
0.952196 -0.0351859 0.303456 28.2287 0.0184922 0.998162 0.0577119 0.256168 -0.304928 -0.0493414 0.951096 552.944
0.957237 -0.0350805 0.287169 28.6223 0.0198617 0.998248 0.0557396 0.308394 -0.288621 -0.0476523 0.956257 554.297
0.962403 -0.034192 0.269466 29.0083 0.0203255 0.99833 0.054083 0.354037 -0.270865 -0.0465726 0.96149 555.661
0.96677 -0.0327388 0.253542 29.3627 0.0198428 0.998384 0.0532551 0.40138 -0.254876 -0.0464545 0.965857 557.04
0.971207 -0.031519 0.236142 29.6989 0.0195986 0.99842 0.0526589 0.443506 -0.237428 -0.0465146 0.970291 558.424
0.975167 -0.0304434 0.219369 30.0078 0.0195162 0.998466 0.0518086 0.484864 -0.22061 -0.0462408 0.974266 559.824
0.979151 -0.0294893 0.200981 30.2761 0.0196445 0.998515 0.0508039 0.524439 -0.20218 -0.0457966 0.978277 561.193
0.982829 -0.0281617 0.182356 30.5394 0.0192839 0.998549 0.0502755 0.565754 -0.183507 -0.0458957 0.981947 562.582
0.986091 -0.0275046 0.163917 30.7608 0.0195054 0.998548 0.0502114 0.60134 -0.16506 -0.0463157 0.985196 563.998
0.989116 -0.0272445 0.144596 30.9582 0.0201278 0.998524 0.0504544 0.640401 -0.145757 -0.0469948 0.988204 565.339
0.991587 -0.0269967 0.126599 31.1273 0.0207876 0.998527 0.0501131 0.673886 -0.127765 -0.0470597 0.990687 566.74
0.993839 -0.0262174 0.10769 31.2761 0.0210125 0.998569 0.049185 0.708064 -0.108826 -0.0466191 0.992967 568.09
0.995677 -0.0260537 0.0891512 31.3871 0.0218362 0.998611 0.0479594 0.736566 -0.0902768 -0.0458054 0.994863 569.446
0.997101 -0.0252715 0.0717782 31.4714 0.0219853 0.99869 0.0462098 0.759478 -0.0728519 -0.0444978 0.99635 570.751
0.998286 -0.0230609 0.0537851 31.542 0.0206391 0.998767 0.0451564 0.788159 -0.0547601 -0.0439689 0.997531 572.024
0.999106 -0.0217703 0.0362398 31.571 0.0201941 0.998858 0.0433057 0.8064 -0.0371412 -0.0425352 0.998405 573.309
0.999615 -0.0190412 0.0201722 31.5938 0.0181589 0.998908 0.0430553 0.829001 -0.0209699 -0.0426725 0.998869 574.562
0.999857 -0.0165953 0.00340167 31.5807 0.0164351 0.998954 0.042677 0.848178 -0.00410635 -0.042615 0.999083 575.82
0.999836 -0.0144736 -0.0108898 31.5456 0.0149171 0.999014 0.0418167 0.866872 0.0102738 -0.0419723 0.999066 576.997
0.999626 -0.011673 -0.0247169 31.5159 0.0126612 0.999111 0.0402121 0.884318 0.0242255 -0.04051 0.998885 578.183
0.999231 -0.009078 -0.0381486 31.4549 0.0105577 0.999192 0.0387679 0.898826 0.0377658 -0.0391409 0.99852 579.407
0.998776 -0.00748081 -0.0488891 31.3934 0.00932373 0.99925 0.0375773 0.916077 0.0485713 -0.0379871 0.998097 580.555
0.99831 -0.00754453 -0.0576178 31.3114 0.0096117 0.999317 0.0356849 0.926426 0.0573092 -0.0361784 0.997701 581.663
0.997827 -0.00865678 -0.0653213 31.2209 0.0108287 0.999398 0.0329691 0.934506 0.0649966 -0.0336048 0.99732 582.801
0.997416 -0.0108984 -0.0710166 31.149 0.0131171 0.999438 0.0308502 0.940832 0.0706405 -0.031702 0.996998 583.894
0.996992 -0.0136204 -0.0763043 31.0669 0.0159913 0.999405 0.0305479 0.944142 0.0758428 -0.0316762 0.996617 584.902
0.996463 -0.0171775 -0.082263 30.9702 0.019787 0.999323 0.0310127 0.948766 0.0816746 -0.0325308 0.996128 585.973
0.996019 -0.0193064 -0.087021 30.88 0.0221229 0.999258 0.0315191 0.950957 0.086348 -0.0333188 0.995708 586.992
0.99565 -0.0208765 -0.0908083 30.7806 0.02392 0.999184 0.0325565 0.953981 0.0900545 -0.034587 0.995336 587.956
0.995333 -0.0217456 -0.0940172 30.6976 0.024945 0.999144 0.0329892 0.956963 0.0932194 -0.0351805 0.995024 588.893
0.994976 -0.0237272 -0.0972623 30.6012 0.0271054 0.999069 0.0335595 0.960387 0.0963755 -0.0360273 0.994693 589.804
0.994761 -0.024193 -0.099326 30.5072 0.0276575 0.999051 0.0336528 0.964693 0.0984176 -0.0362236 0.994486 590.69
0.994699 -0.0243058 -0.0999167 30.406 0.0276945 0.999083 0.032669 0.968216 0.099031 -0.035263 0.994459 591.544
0.994519 -0.0252145 -0.101472 30.3184 0.0285514 0.999094 0.0315679 0.971615 0.100584 -0.034292 0.994337 592.4
0.994379 -0.0256322 -0.102731 30.2339 0.0288435 0.999137 0.0298965 0.975955 0.101876 -0.0326916 0.99426 593.218
0.994293 -0.0275879 -0.103052 30.1403 0.0306212 0.99914 0.0279694 0.977061 0.102192 -0.0309653 0.994283 594.071
0.994265 -0.0277127 -0.103292 30.0483 0.0305134 0.999206 0.0256334 0.977065 0.1025 -0.0286382 0.994321 594.88
0.994159 -0.0280173 -0.104225 29.967 0.0306881 0.999238 0.0241108 0.980037 0.10347 -0.0271685 0.994262 595.64
0.994155 -0.0290999 -0.103964 29.8716 0.0317505 0.999209 0.0239315 0.976757 0.103185 -0.0270925 0.994293 596.426
0.994019 -0.0287677 -0.105348 29.7843 0.0315238 0.999201 0.0245898 0.980823 0.104556 -0.0277637 0.994132 597.246
0.994025 -0.0294496 -0.105104 29.689 0.0323148 0.999148 0.0256628 0.980951 0.104258 -0.0289058 0.99413 598.014
0.994223 -0.0283961 -0.103515 29.6184 0.0312399 0.999175 0.0259548 0.982897 0.102693 -0.0290387 0.994289 598.71
0.994163 -0.0287511 -0.103984 29.5434 0.0316168 0.999161 0.0260165 0.980446 0.103149 -0.0291523 0.994239 599.472
0.994191 -0.0289868 -0.103659 29.4692 0.0318438 0.999154 0.026014 0.981681 0.102817 -0.0291637 0.994273 600.197
0.994297 -0.0295475 -0.102475 29.3969 0.0323709 0.999138 0.0259992 0.983104 0.101619 -0.0291682 0.994396 600.876
0.994185 -0.0308279 -0.103184 29.317 0.0337222 0.999082 0.0264238 0.983266 0.102275 -0.0297497 0.994311 601.542
0.994132 -0.0316507 -0.103437 29.2445 0.0345782 0.999047 0.026632 0.983329 0.102496 -0.0300524 0.994279 602.226
0.994212 -0.0323216 -0.102463 29.1742 0.0352445 0.999018 0.0268446 0.982516 0.101495 -0.0303005 0.994375 602.836
0.994096 -0.0329991 -0.103363 29.108 0.0359854 0.998983 0.0271607 0.984636 0.102361 -0.0307199 0.994273 603.473
0.994134 -0.0333193 -0.102899 29.0501 0.0362995 0.99897 0.0272261 0.984438 0.101886 -0.0308016 0.994319 604.016
0.994047 -0.0338741 -0.103549 28.9886 0.0368952 0.998944 0.0273998 0.985557 0.102512 -0.0310572 0.994247 604.624
0.994052 -0.0344648 -0.103313 28.9324 0.0375077 0.998914 0.0276561 0.984599 0.102248 -0.0313667 0.994264 605.16
0.994009 -0.0345766 -0.103682 28.8714 0.0376789 0.998894 0.0281138 0.986933 0.102595 -0.031852 0.994213 605.689
0.993969 -0.0347506 -0.104009 28.8167 0.0378958 0.998878 0.0284174 0.987736 0.102904 -0.0321875 0.99417 606.21
0.993939 -0.0353956 -0.104081 28.7649 0.0385736 0.998844 0.0286808 0.988939 0.102945 -0.0325217 0.994155 606.696
0.993941 -0.0364849 -0.103684 28.7215 0.0397165 0.998782 0.0292752 0.988905 0.102489 -0.0332158 0.994179 607.135
0.993931 -0.0366776 -0.103715 28.669 0.0399512 0.998761 0.029663 0.989446 0.102498 -0.0336265 0.994165 607.603
0.993981 -0.0366311 -0.10325 28.6276 0.0398944 0.998762 0.0297191 0.991575 0.102033 -0.0336593 0.994211 608.021
0.994089 -0.0360928 -0.102393 28.5779 0.039322 0.998785 0.0296955 0.993416 0.101197 -0.0335463 0.994301 608.43
0.994216 -0.0362622 -0.101097 28.5427 0.0394378 0.998784 0.0295908 0.99191 0.0999009 -0.0334067 0.994436 608.786
0.994251 -0.0365247 -0.100655 28.5182 0.0397083 0.998767 0.0298082 0.993013 0.0994426 -0.0336337 0.994475 609.152
0.994311 -0.036706 -0.0999897 28.4755 0.0398852 0.998754 0.0299829 0.99295 0.0987645 -0.0338004 0.994537 609.471
0.994439 -0.0358965 -0.0990042 28.4517 0.0390523 0.998783 0.0301241 0.993884 0.0978024 -0.033823 0.994631 609.747
0.994535 -0.0364156 -0.0978483 28.4212 0.0395646 0.998753 0.0304374 0.994737 0.0966179 -0.0341424 0.994736 610.037
0.994518 -0.0367356 -0.0979017 28.394 0.0398565 0.998752 0.030114 0.995718 0.0966732 -0.0338509 0.99474 610.266
0.994554 -0.0374621 -0.0972554 28.3692 0.0405285 0.998736 0.029747 0.994739 0.0960181 -0.0335266 0.994815 610.538
0.99463 -0.0373907 -0.0965051 28.3536 0.0404354 0.998738 0.0297884 0.99568 0.0952695 -0.0335307 0.994887 610.72
0.994718 -0.0371412 -0.0956904 28.3338 0.0401367 0.998757 0.0295721 0.995667 0.0944731 -0.0332566 0.994972 610.896
0.994752 -0.0364442 -0.0956045 28.3218 0.0394154 0.998791 0.029376 0.998123 0.0944183 -0.0329901 0.994986 611.061
0.994766 -0.0366441 -0.0953803 28.3075 0.0396148 0.998781 0.0294405 0.997844 0.0941852 -0.0330649 0.995005 611.212
0.994788 -0.0367852 -0.0951009 28.2963 0.0397414 0.998778 0.02938 0.997768 0.0939039 -0.0330063 0.995034 611.324
0.994783 -0.0367844 -0.0951521 28.2835 0.0397205 0.998786 0.0291488 0.997916 0.0939643 -0.0327762 0.995036 611.435
0.994813 -0.0367684 -0.0948471 28.2699 0.0396555 0.9988 0.0287369 0.998595 0.0936767 -0.032349 0.995077 611.539
0.994874 -0.0366322 -0.0942525 28.2601 0.0394078 0.998838 0.0277573 0.999378 0.0931261 -0.0313293 0.995161 611.618
0.994889 -0.0369249 -0.0939842 28.2497 0.0395596 0.99887 0.0263266 0.998852 0.0929059 -0.02991 0.995226 611.714
0.994933 -0.0372235 -0.0933974 28.2477 0.0397319 0.998894 0.0251427 0.996386 0.0923582 -0.0287261 0.995311 611.776
0.994919 -0.037409 -0.0934704 28.2353 0.0398807 0.998899 0.0247169 0.996823 0.0924428 -0.0283189 0.995315 611.869
0.994954 -0.0373766 -0.0931123 28.2328 0.0398523 0.998896 0.0248711 0.997204 0.0920799 -0.0284563 0.995345 611.934
0.99494 -0.03708 -0.0933805 28.2257 0.0395457 0.998913 0.0246932 0.997969 0.0923633 -0.0282611 0.995324 611.991
0.994973 -0.0371443 -0.0930009 28.2195 0.0396096 0.998907 0.0248035 0.997619 0.0919779 -0.0283626 0.995357 612.069
0.99498 -0.0371876 -0.0929112 28.2127 0.0396694 0.9989 0.0250076 0.997645 0.091879 -0.0285678 0.99536 612.121
0.995023 -0.0372006 -0.0924446 28.2127 0.039674 0.998898 0.0250635 0.997404 0.0914104 -0.0286064 0.995402 612.156
0.995045 -0.0371429 -0.0922314 28.212 0.0395997 0.998904 0.0249518 0.996477 0.0912035 -0.0284805 0.995425 612.191
0.995037 -0.0371536 -0.0923079 28.2046 0.0396188 0.998902 0.0250179 0.997756 0.091277 -0.0285509 0.995416 612.226
0.995054 -0.0372285 -0.0920982 28.2037 0.0396731 0.998904 0.0248563 0.996816 0.0910719 -0.0283872 0.99544 612.258
0.995089 -0.0373763 -0.0916574 28.2005 0.0397874 0.998905 0.0246199 0.997477 0.0906368 -0.0281458 0.995486 612.277
0.995002 -0.0375077 -0.0925457 28.1994 0.0399285 0.998904 0.0244455 0.997805 0.0915273 -0.0280185 0.995408 612.293
0.995071 -0.0371159 -0.0919594 28.1992 0.0394802 0.998932 0.0240253 0.997564 0.0909694 -0.0275375 0.995473 612.301
0.995074 -0.0370657 -0.0919452 28.1979 0.0394006 0.998942 0.0237095 0.996985 0.0909691 -0.0272154 0.995482 612.311
0.995075 -0.0371567 -0.091896 28.1961 0.0394905 0.998939 0.0237096 0.997925 0.0909175 -0.0272219 0.995486 612.325
0.995062 -0.0371198 -0.0920596 28.1937 0.0394532 0.998941 0.0236563 0.996911 0.091084 -0.0271715 0.995473 612.338
0.995037 -0.0372705 -0.092264 28.1961 0.0396186 0.998933 0.0237502 0.997718 0.0912804 -0.0272877 0.995451 612.34
0.995073 -0.0371881 -0.0919133 28.1936 0.0395364 0.998933 0.0238619 0.997119 0.0909279 -0.0273783 0.995481 612.344
0.995063 -0.0371858 -0.0920125 28.1955 0.0395249 0.998937 0.0237309 0.996862 0.0910321 -0.0272506 0.995475 612.345
0.995073 -0.0370468 -0.0919621 28.196 0.0393505 0.998952 0.0233644 0.996225 0.0910001 -0.0268681 0.995488 612.343
0.995089 -0.037034 -0.0917927 28.1962 0.0393318 0.998953 0.0233511 0.995678 0.0908319 -0.0268468 0.995504 612.336
0.995041 -0.0371539 -0.0922715 28.194 0.0394736 0.998946 0.0234426 0.996338 0.0913032 -0.0269686 0.995458 612.344
0.995088 -0.0370482 -0.091802 28.1969 0.0393444 0.998953 0.02333 0.995452 0.0908415 -0.0268273 0.995504 612.339
0.995089 -0.0370625 -0.0917856 28.2004 0.0393463 0.998956 0.0231989 0.995871 0.09083 -0.0266964 0.995509 612.335
0.995055 -0.0370855 -0.0921488 28.1965 0.0393872 0.998953 0.0232857 0.996141 0.0911887 -0.0268 0.995473 612.343
0.995078 -0.0371439 -0.0918684 28.197 0.0394353 0.998952 0.0232527 0.995736 0.0909084 -0.0267611 0.9955 612.341
0.995067 -0.0369628 -0.0920622 28.1967 0.039253 0.99896 0.0231915 0.996046 0.0911093 -0.0266908 0.995483 612.341
0.995094 -0.0371822 -0.0916839 28.1962 0.0394681 0.99895 0.0232457 0.996697 0.0907233 -0.0267502 0.995517 612.341
0.995039 -0.0372031 -0.0922696 28.1944 0.0395063 0.998949 0.0232618 0.996221 0.0913072 -0.0267916 0.995462 612.337
0.995062 -0.0370943 -0.0920616 28.1967 0.0393817 0.998956 0.0231557 0.996618 0.0911066 -0.0266669 0.995484 612.333
0.995083 -0.0370338 -0.0918581 28.1962 0.0393155 0.998959 0.0231547 0.996184 0.0909049 -0.0266523 0.995503 612.335
0.995025 -0.0370395 -0.0924838 28.1954 0.0393432 0.998956 0.0232114 0.996818 0.0915276 -0.0267345 0.995444 612.332
0.995086 -0.0371132 -0.0918009 28.1945 0.0393954 0.998955 0.023174 0.996514 0.0908449 -0.0266766 0.995508 612.335
0.995039 -0.0369981 -0.0923539 28.195 0.0392986 0.998958 0.0232159 0.996827 0.0913987 -0.0267301 0.995456 612.331
0.995113 -0.0372106 -0.0914599 28.1972 0.0394798 0.998953 0.0231275 0.995554 0.0905035 -0.0266253 0.99554 612.326
0.995091 -0.0372078 -0.0917092 28.1994 0.039494 0.99895 0.0232411 0.99634 0.0907481 -0.0267489 0.995515 612.323
0.995082 -0.0372128 -0.0917983 28.2008 0.0394953 0.998951 0.0231741 0.996434 0.0908396 -0.0266857 0.995508 612.322
0.995086 -0.0371279 -0.0917957 28.1972 0.0394076 0.998955 0.0231473 0.996482 0.0908403 -0.026651 0.995509 612.321
0.995097 -0.0372172 -0.091633 28.2011 0.0394884 0.998953 0.0230982 0.996339 0.0906774 -0.0266034 0.995525 612.317
0.995113 -0.0373967 -0.0913841 28.2006 0.0396696 0.998944 0.0231829 0.997182 0.0904206 -0.0266948 0.995546 612.313
